pelvis_tilt.offset              	0.022850907	0.022856517	1.3853869e-05	
hip_flexion_r.offset            	0.069569843	0.069580621	1.3004485e-05	
knee_angle_r.offset             	0.00035066264	0.00034491159	1.4189025e-05	
ankle_angle_r.offset            	-0.060511446	-0.060495853	1.9799939e-05	
hip_flexion_l.offset            	-0.01282302	-0.012807966	2.8611932e-05	
knee_angle_l.offset             	0.056055922	0.056041228	2.1227472e-05	
ankle_angle_l.offset            	0.18401432	0.18402848	2.0375546e-05	
stance_load_threshold           	0.15252601	0.15250577	2.1464908e-05	
S00111.tib_ant.KL               	1.2439098	1.2445144	0.000358992	
S00111.tib_ant.L0               	0.76191945	0.7619171	3.9101708e-05	
S00111.tib_ant.KS               	0.00017248394	0.000165286	8.6886245e-06	
S11000.tib_ant.KL               	1.2349752	1.2346976	0.00020877013	
S11000.tib_ant.L0               	0.72955911	0.72962196	3.2816858e-05	
S11000.tib_ant.KS               	0.03489935	0.034893973	1.8505444e-05	
S11111.tib_ant-soleus.KF        	-0.10966368	-0.10970219	3.1606373e-05	
S00111.soleus-tib_ant.KS        	-0.86146011	-0.8612934	0.00039419159	
S00111.gastroc-tib_ant.KS       	-0.32171493	-0.32194449	0.00026621054	
S11000.soleus-tib_ant.KS        	-3.3298755	-3.3301878	0.00046822115	
S11000.gastroc-tib_ant.KS       	-1.6716398	-1.671897	0.00039638082	
S00111.tib_ant-soleus.KS        	-0.00313515	-0.0032576212	0.0016768286	
S00111.tib_ant-gastroc.KS       	-0.00357534	-0.0037474308	0.0016340015	
S11000.tib_ant-soleus.KS        	-0.00313645	-0.0032630188	0.0016057288	
S11000.tib_ant-gastroc.KS       	-0.00331551	-0.0034510964	0.0015968207	
S00111.soleus.KL                	4.0159077	4.0164302	0.0003415546	
S00111.soleus.L0                	0.96147799	0.961524	8.5667711e-05	
S00111.soleus.KF                	0.22843776	0.22848302	2.7745319e-05	
S00111.soleus.KS                	0.15136788	0.15151067	0.00022866859	
S00111.gastroc.KL               	0.081344219	0.081546433	0.00030150051	
S00111.gastroc.L0               	0.81752742	0.81759439	0.00015731317	
S00111.gastroc.KF               	1.4082614	1.4082402	2.017264e-05	
S00111.gastroc.KS               	0.17702028	0.17714212	0.00013247833	
S11000.soleus.KL                	0.81273538	0.8133503	0.00065735815	
S11000.soleus.L0                	0.89686009	0.89689416	0.00015434536	
S11000.soleus.KF                	-0.90838818	-0.90918755	0.00062651074	
S11000.soleus.KS                	0.10948712	0.10934337	0.00044778189	
S11000.gastroc.KL               	0.0083742467	0.0087006592	0.0001919625	
S11000.gastroc.L0               	0.52142053	0.52145245	0.00016777045	
S11000.gastroc.KF               	-1.7828183	-1.7829616	0.00039085747	
S11000.gastroc.KS               	0.26897236	0.26911038	0.00031888876	
S00011.vasti.KF                 	0.83034285	0.83032131	8.1392721e-05	
S00011.vasti.C0                 	0.083289639	0.083286814	1.737751e-05	
S00011.vasti-knee_angle.pos_max 	-0.3035486	-0.30355184	3.0371589e-05	
S00011.hamstrings-pelvis_tilt.KP	0.73744087	0.73771316	0.00032302369	
S00011.hamstrings-pelvis_tilt.KV	0.56828423	0.56831938	1.7179712e-05	
S00011.hamstrings-pelvis_tilt.C0	0.027506621	0.027497552	3.3943842e-05	
S00011.glut_max-pelvis_tilt.KP  	1.4408969	1.4411851	0.00028147973	
S00011.glut_max-pelvis_tilt.KV  	0.31519601	0.31522521	1.7389985e-05	
S00011.glut_max-pelvis_tilt.C0  	0.16045154	0.16042202	2.9397099e-05	
S00011.iliopsoas-pelvis_tilt.KP 	-3.3744267	-3.3741981	0.00048737295	
S00011.iliopsoas-pelvis_tilt.KV 	-0.54249845	-0.54249773	2.1538362e-05	
S00011.iliopsoas-pelvis_tilt.C0 	0.31556776	0.31559635	4.4784001e-05	
S00100.iliopsoas.C0             	0.33771063	0.33775555	2.4761556e-05	
S00100.glut_max.C0              	-0.023762789	-0.023779003	1.872049e-05	
S11000.iliopsoas.KL             	0.56557096	0.56554915	2.1667629e-05	
S11000.iliopsoas.L0             	0.39126632	0.39127731	2.4611794e-05	
S11000.iliopsoas-pelvis_tilt.P0 	-0.042640773	-0.04265405	1.8880007e-05	
S11000.iliopsoas-pelvis_tilt.KP 	0.01175964	0.011758484	8.749689e-05	
S11000.iliopsoas-pelvis_tilt.KV 	0.14568269	0.14567279	2.3093465e-05	
S11000.iliopsoas-hamstrings.KL  	-8.1312126	-8.1313753	0.00077431239	
S11000.iliopsoas-hamstrings.L0  	1.1709131	1.1709066	1.8428451e-05	
S11000.hamstrings.KF            	0.57591772	0.57593072	1.7638495e-05	
S11000.glut_max.KF              	0.62146933	0.62147148	1.9352745e-05	
