pelvis_tilt.offset              	0.019571001	0.019571877	6.7011993e-06	
hip_flexion_r.offset            	0.070734179	0.070740811	1.116083e-05	
knee_angle_r.offset             	-0.0011692009	-0.0011807843	1.5523022e-05	
ankle_angle_r.offset            	-0.061356712	-0.061357665	2.313294e-05	
hip_flexion_l.offset            	-0.0095448143	-0.0095588273	3.2416293e-05	
knee_angle_l.offset             	0.051510108	0.051532716	3.42258e-05	
ankle_angle_l.offset            	0.18196771	0.18194221	3.8177939e-05	
stance_load_threshold           	0.15884706	0.15887847	3.4070469e-05	
S00111.tib_ant.KL               	1.2008945	1.2010674	0.00032868245	
S00111.tib_ant.L0               	0.75152388	0.75149577	3.3650514e-05	
S00111.tib_ant.KS               	0.00016164823	0.00016200072	3.8635035e-07	
S11000.tib_ant.KL               	1.1812251	1.1813963	0.00026092407	
S11000.tib_ant.L0               	0.71659838	0.71661362	3.4573026e-05	
S11000.tib_ant.KS               	0.03461784	0.034617215	2.780006e-05	
S11111.tib_ant-soleus.KF        	-0.11392562	-0.11395079	3.5171511e-05	
S00111.soleus-tib_ant.KS        	-0.84407155	-0.84394216	0.00014736816	
S00111.gastroc-tib_ant.KS       	-0.32259393	-0.32268307	6.2095201e-05	
S11000.soleus-tib_ant.KS        	-3.238243	-3.2381595	0.00056722489	
S11000.gastroc-tib_ant.KS       	-1.7240625	-1.7237486	0.00058441223	
S00111.tib_ant-soleus.KS        	-0.0032127236	-0.0032186873	8.0173845e-06	
S00111.tib_ant-gastroc.KS       	-0.0036214818	-0.0036254782	9.7614323e-06	
S11000.tib_ant-soleus.KS        	-0.003295499	-0.0032911318	8.1006665e-06	
S11000.tib_ant-gastroc.KS       	-0.0033866273	-0.0033831981	8.8663512e-06	
S00111.soleus.KL                	4.0368456	4.0366791	0.00043312213	
S00111.soleus.L0                	0.95982416	0.95980044	2.078987e-05	
S00111.soleus.KF                	0.22343542	0.22344215	3.3960307e-05	
S00111.soleus.KS                	0.1558219	0.15581388	6.7350206e-05	
S00111.gastroc.KL               	0.080596963	0.080484234	9.5067696e-05	
S00111.gastroc.L0               	0.80052102	0.80038897	0.00012176457	
S00111.gastroc.KF               	1.404242	1.4042153	2.2968607e-05	
S00111.gastroc.KS               	0.17727375	0.17728065	1.781595e-05	
S11000.soleus.KL                	0.78473381	0.78492068	0.00066889644	
S11000.soleus.L0                	0.91358876	0.91357001	0.00021576901	
S11000.soleus.KF                	-0.87000733	-0.87106996	0.00061896628	
S11000.soleus.KS                	0.1033606	0.10311248	0.00021252578	
S11000.gastroc.KL               	0.0090379108	0.009028649	1.9210396e-05	
S11000.gastroc.L0               	0.51947609	0.51935843	0.00020603486	
S11000.gastroc.KF               	-1.8020809	-1.8013503	0.00049157652	
S11000.gastroc.KS               	0.25682233	0.25673138	0.00033431675	
S00011.vasti.KF                 	0.82833332	0.82831688	3.4656833e-05	
S00011.vasti.C0                 	0.083179592	0.083181699	6.2635933e-06	
S00011.vasti-knee_angle.pos_max 	-0.32045148	-0.32046018	2.0176132e-05	
S00011.hamstrings-pelvis_tilt.KP	0.73892738	0.73874345	0.00012853977	
S00011.hamstrings-pelvis_tilt.KV	0.57001446	0.57002745	2.4930396e-05	
S00011.hamstrings-pelvis_tilt.C0	0.027177613	0.027158189	1.7995144e-05	
S00011.glut_max-pelvis_tilt.KP  	1.5491774	1.5496193	0.00040919169	
S00011.glut_max-pelvis_tilt.KV  	0.31517748	0.31517294	2.3367748e-05	
S00011.glut_max-pelvis_tilt.C0  	0.16759695	0.1675453	2.9609091e-05	
S00011.iliopsoas-pelvis_tilt.KP 	-3.4994076	-3.4992224	0.00057114379	
S00011.iliopsoas-pelvis_tilt.KV 	-0.55538121	-0.55536896	3.1652209e-05	
S00011.iliopsoas-pelvis_tilt.C0 	0.32936936	0.32938632	3.3645435e-05	
S00100.iliopsoas.C0             	0.32759158	0.32755774	3.2785387e-05	
S00100.glut_max.C0              	-0.025001947	-0.025009663	2.1897328e-05	
S11000.iliopsoas.KL             	0.56687741	0.56693756	3.280663e-05	
S11000.iliopsoas.L0             	0.37316951	0.37316656	2.8182918e-05	
S11000.iliopsoas-pelvis_tilt.P0 	-0.045316263	-0.045321892	2.4180177e-05	
S11000.iliopsoas-pelvis_tilt.KP 	0.01164676	0.01166389	2.6749443e-05	
S11000.iliopsoas-pelvis_tilt.KV 	0.13801717	0.13802115	2.0670222e-05	
S11000.iliopsoas-hamstrings.KL  	-8.4787146	-8.4773067	0.0013315043	
S11000.iliopsoas-hamstrings.L0  	1.1769571	1.1769556	1.3614977e-05	
S11000.hamstrings.KF            	0.56038326	0.5603697	1.643045e-05	
S11000.glut_max.KF              	0.62053174	0.62052342	2.3107248e-05	
