pelvis_tilt.offset              	0.020774249	0.020773047	4.1397579e-06	
hip_flexion_r.offset            	0.069474641	0.0694776	4.4183319e-06	
knee_angle_r.offset             	-0.001572429	-0.0015703685	5.1896564e-06	
ankle_angle_r.offset            	-0.06110508	-0.06109223	8.2777841e-06	
hip_flexion_l.offset            	-0.012848341	-0.012852201	1.1407248e-05	
knee_angle_l.offset             	0.05184036	0.051845296	1.008027e-05	
ankle_angle_l.offset            	0.18281546	0.182803	9.4957934e-06	
stance_load_threshold           	0.15110259	0.15109916	8.6785035e-06	
S00111.tib_ant.KL               	1.2096904	1.209941	0.00013592909	
S00111.tib_ant.L0               	0.75774255	0.757741	1.4811804e-05	
S00111.tib_ant.KS               	0.00016049186	0.00016040578	3.5478588e-07	
S11000.tib_ant.KL               	1.2096244	1.2095061	8.506181e-05	
S11000.tib_ant.L0               	0.71924732	0.71927706	1.6719142e-05	
S11000.tib_ant.KS               	0.035635849	0.035633101	7.9385288e-06	
S11111.tib_ant-soleus.KF        	-0.11516844	-0.1151674	1.3229443e-05	
S00111.soleus-tib_ant.KS        	-0.8345767	-0.83442627	0.00010680544	
S00111.gastroc-tib_ant.KS       	-0.32311494	-0.32314041	3.6912898e-05	
S11000.soleus-tib_ant.KS        	-3.2874426	-3.2874838	0.00018613601	
S11000.gastroc-tib_ant.KS       	-1.6971702	-1.6972661	0.0001970442	
S00111.tib_ant-soleus.KS        	-0.0033766455	-0.003374154	9.4253819e-06	
S00111.tib_ant-gastroc.KS       	-0.0036284266	-0.0036292892	1.1987817e-05	
S11000.tib_ant-soleus.KS        	-0.0034385698	-0.0034300002	1.0863055e-05	
S11000.tib_ant-gastroc.KS       	-0.0034060871	-0.0034124977	1.1094535e-05	
S00111.soleus.KL                	4.0333813	4.033435	0.00014683798	
S00111.soleus.L0                	0.96026239	0.96025665	1.8967952e-05	
S00111.soleus.KF                	0.22668608	0.22668728	1.0352179e-05	
S00111.soleus.KS                	0.15621739	0.15618337	5.4223399e-05	
S00111.gastroc.KL               	0.082070601	0.082087328	4.755554e-05	
S00111.gastroc.L0               	0.80062185	0.80065599	5.1393872e-05	
S00111.gastroc.KF               	1.4095485	1.4095327	7.6836299e-06	
S00111.gastroc.KS               	0.17709436	0.1771006	1.1532312e-05	
S11000.soleus.KL                	0.76558464	0.76541079	0.00024408617	
S11000.soleus.L0                	0.90581104	0.90580182	6.832841e-05	
S11000.soleus.KF                	-0.871486	-0.87117577	0.0002395992	
S11000.soleus.KS                	0.1102326	0.11039033	0.00010539117	
S11000.gastroc.KL               	0.0089632341	0.0089450886	1.6691091e-05	
S11000.gastroc.L0               	0.53854721	0.53856355	6.1268743e-05	
S11000.gastroc.KF               	-1.7650671	-1.7650503	0.00014277676	
S11000.gastroc.KS               	0.26386188	0.2638191	0.0001013702	
S00011.vasti.KF                 	0.82701339	0.82697459	2.7294418e-05	
S00011.vasti.C0                 	0.082490574	0.082492406	3.9624999e-06	
S00011.vasti-knee_angle.pos_max 	-0.32031173	-0.32032648	1.2059844e-05	
S00011.hamstrings-pelvis_tilt.KP	0.74114001	0.74112488	7.8407788e-05	
S00011.hamstrings-pelvis_tilt.KV	0.57007075	0.57007699	6.8182958e-06	
S00011.hamstrings-pelvis_tilt.C0	0.027595778	0.027591712	8.4515474e-06	
S00011.glut_max-pelvis_tilt.KP  	1.5517883	1.5519305	0.00014327842	
S00011.glut_max-pelvis_tilt.KV  	0.3144783	0.31448093	7.2703485e-06	
S00011.glut_max-pelvis_tilt.C0  	0.16738053	0.16737964	1.0644297e-05	
S00011.iliopsoas-pelvis_tilt.KP 	-3.4627366	-3.4627157	0.00019804737	
S00011.iliopsoas-pelvis_tilt.KV 	-0.54937093	-0.5493782	9.2292027e-06	
S00011.iliopsoas-pelvis_tilt.C0 	0.32437607	0.32436192	1.804434e-05	
S00100.iliopsoas.C0             	0.3328652	0.3328476	1.1041354e-05	
S00100.glut_max.C0              	-0.02432549	-0.024319192	6.9869995e-06	
S11000.iliopsoas.KL             	0.57169878	0.57169458	1.0237144e-05	
S11000.iliopsoas.L0             	0.37958692	0.37958355	1.0407709e-05	
S11000.iliopsoas-pelvis_tilt.P0 	-0.043275334	-0.043276243	6.777265e-06	
S11000.iliopsoas-pelvis_tilt.KP 	0.011155438	0.011151758	1.430562e-05	
S11000.iliopsoas-pelvis_tilt.KV 	0.13911072	0.13911124	1.2378971e-05	
S11000.iliopsoas-hamstrings.KL  	-8.2879889	-8.2884578	0.00041045961	
S11000.iliopsoas-hamstrings.L0  	1.1744267	1.174426	6.8201211e-06	
S11000.hamstrings.KF            	0.56631777	0.56631944	7.2428251e-06	
S11000.glut_max.KF              	0.62192408	0.62192038	7.6472903e-06	
