pelvis_tilt.offset              	0.019380117	0.019378187	5.2438462e-06	
hip_flexion_r.offset            	0.071706374	0.071705568	9.1093749e-06	
knee_angle_r.offset             	-0.0012127454	-0.0012162063	1.3137456e-05	
ankle_angle_r.offset            	-0.06295285	-0.062962659	1.9615186e-05	
hip_flexion_l.offset            	-0.012333873	-0.012290242	2.8585959e-05	
knee_angle_l.offset             	0.046434776	0.046426283	3.2316331e-05	
ankle_angle_l.offset            	0.18089144	0.18085184	3.9360103e-05	
stance_load_threshold           	0.15978488	0.15980651	2.4720225e-05	
S00111.tib_ant.KL               	1.206119	1.2061427	0.00027955487	
S00111.tib_ant.L0               	0.752628	0.75261861	2.6645879e-05	
S00111.tib_ant.KS               	0.00016771637	0.00016784646	2.9961755e-07	
S11000.tib_ant.KL               	1.154327	1.1540668	0.00023883886	
S11000.tib_ant.L0               	0.71111358	0.71111504	3.3282645e-05	
S11000.tib_ant.KS               	0.033782406	0.033792636	2.3109437e-05	
S11111.tib_ant-soleus.KF        	-0.11403676	-0.11405388	3.2131488e-05	
S00111.soleus-tib_ant.KS        	-0.85272495	-0.85272302	9.3789272e-05	
S00111.gastroc-tib_ant.KS       	-0.32298438	-0.32300585	4.0395258e-05	
S11000.soleus-tib_ant.KS        	-3.2239677	-3.2244053	0.00046819438	
S11000.gastroc-tib_ant.KS       	-1.7381429	-1.7378936	0.00055031884	
S00111.tib_ant-soleus.KS        	-0.0032587483	-0.0032627705	6.0340908e-06	
S00111.tib_ant-gastroc.KS       	-0.0038675782	-0.0038673512	6.659281e-06	
S11000.tib_ant-soleus.KS        	-0.0034481649	-0.0034486626	5.4009035e-06	
S11000.tib_ant-gastroc.KS       	-0.0035485745	-0.0035473822	5.9922403e-06	
S00111.soleus.KL                	4.057085	4.057057	0.0003965109	
S00111.soleus.L0                	0.9611205	0.96110175	1.3915988e-05	
S00111.soleus.KF                	0.22356616	0.22353791	3.3241802e-05	
S00111.soleus.KS                	0.15620826	0.15622339	4.1219382e-05	
S00111.gastroc.KL               	0.080276552	0.080339252	6.9390589e-05	
S00111.gastroc.L0               	0.7986281	0.79853737	0.00011555896	
S00111.gastroc.KF               	1.4020724	1.402074	2.1300242e-05	
S00111.gastroc.KS               	0.17729716	0.1772974	1.1175367e-05	
S11000.soleus.KL                	0.81342385	0.81398473	0.00056590571	
S11000.soleus.L0                	0.9260384	0.92618594	0.0002003913	
S11000.soleus.KF                	-0.90639003	-0.90637363	0.00055565321	
S11000.soleus.KS                	0.10800565	0.1078563	0.00017381218	
S11000.gastroc.KL               	0.0084954193	0.0085060523	1.3815491e-05	
S11000.gastroc.L0               	0.52093363	0.52123625	0.00018647568	
S11000.gastroc.KF               	-1.7667155	-1.7660064	0.00046311528	
S11000.gastroc.KS               	0.26892625	0.26886967	0.0002816789	
S00011.vasti.KF                 	0.82933385	0.82934739	3.0808575e-05	
S00011.vasti.C0                 	0.083023548	0.083027387	4.7983327e-06	
S00011.vasti-knee_angle.pos_max 	-0.32042667	-0.3204251	1.6102772e-05	
S00011.hamstrings-pelvis_tilt.KP	0.74063852	0.74065136	9.2199103e-05	
S00011.hamstrings-pelvis_tilt.KV	0.57014245	0.57014236	2.4419107e-05	
S00011.hamstrings-pelvis_tilt.C0	0.02757558	0.027601327	1.4221175e-05	
S00011.glut_max-pelvis_tilt.KP  	1.5635594	1.5633571	0.00035342459	
S00011.glut_max-pelvis_tilt.KV  	0.3146456	0.31464427	2.1231325e-05	
S00011.glut_max-pelvis_tilt.C0  	0.16664135	0.16666351	2.3993608e-05	
S00011.iliopsoas-pelvis_tilt.KP 	-3.4973199	-3.496882	0.00048063895	
S00011.iliopsoas-pelvis_tilt.KV 	-0.55671306	-0.55673713	3.0783486e-05	
S00011.iliopsoas-pelvis_tilt.C0 	0.33172069	0.33172407	2.9853982e-05	
S00100.iliopsoas.C0             	0.32310816	0.32311339	3.400122e-05	
S00100.glut_max.C0              	-0.024258279	-0.024246616	1.9932344e-05	
S11000.iliopsoas.KL             	0.56707098	0.56712526	3.1009329e-05	
S11000.iliopsoas.L0             	0.37404176	0.37407845	2.4791328e-05	
S11000.iliopsoas-pelvis_tilt.P0 	-0.044202796	-0.04419599	2.2230273e-05	
S11000.iliopsoas-pelvis_tilt.KP 	0.010888061	0.010901006	2.2120423e-05	
S11000.iliopsoas-pelvis_tilt.KV 	0.13817596	0.13818186	1.6619952e-05	
S11000.iliopsoas-hamstrings.KL  	-8.4976212	-8.4997944	0.0015187615	
S11000.iliopsoas-hamstrings.L0  	1.1782842	1.1782961	1.0945178e-05	
S11000.hamstrings.KF            	0.55716619	0.55715607	1.2835368e-05	
S11000.glut_max.KF              	0.62017638	0.62015323	2.2941899e-05	
