pelvis_tilt.offset              	0.0205883	0.020576321	6.4817647e-06	
hip_flexion_r.offset            	0.069579492	0.069580483	8.5633634e-06	
knee_angle_r.offset             	-0.0015110524	-0.0015085254	1.0028351e-05	
ankle_angle_r.offset            	-0.061254223	-0.061271788	1.5439456e-05	
hip_flexion_l.offset            	-0.013063476	-0.013083767	2.5836748e-05	
knee_angle_l.offset             	0.049925427	0.049889957	2.2930417e-05	
ankle_angle_l.offset            	0.18094764	0.18093854	2.5002931e-05	
stance_load_threshold           	0.15216879	0.15215631	2.1373183e-05	
S00111.tib_ant.KL               	1.2075547	1.2076301	0.0002621267	
S00111.tib_ant.L0               	0.75652541	0.75649466	2.6822483e-05	
S00111.tib_ant.KS               	0.00017196193	0.00017196118	5.0924103e-07	
S11000.tib_ant.KL               	1.2181744	1.2182586	0.00016230926	
S11000.tib_ant.L0               	0.71854936	0.71855133	3.0140801e-05	
S11000.tib_ant.KS               	0.034245073	0.034264757	1.9125484e-05	
S11111.tib_ant-soleus.KF        	-0.11493451	-0.1149301	2.7668758e-05	
S00111.soleus-tib_ant.KS        	-0.83758218	-0.83756838	0.00015803466	
S00111.gastroc-tib_ant.KS       	-0.32407297	-0.32406762	6.1871673e-05	
S11000.soleus-tib_ant.KS        	-3.2832903	-3.2835851	0.00038177647	
S11000.gastroc-tib_ant.KS       	-1.6972391	-1.69726	0.00044528066	
S00111.tib_ant-soleus.KS        	-0.0033991163	-0.0034101681	1.2375468e-05	
S00111.tib_ant-gastroc.KS       	-0.0037897941	-0.0037979356	1.3501074e-05	
S11000.tib_ant-soleus.KS        	-0.00330926	-0.0033300918	1.1666062e-05	
S11000.tib_ant-gastroc.KS       	-0.0036318392	-0.0036305115	1.239054e-05	
S00111.soleus.KL                	4.0401927	4.0399963	0.00032327907	
S00111.soleus.L0                	0.9592902	0.95928715	2.55753e-05	
S00111.soleus.KF                	0.225788	0.22578284	2.6102263e-05	
S00111.soleus.KS                	0.15166573	0.1515551	7.8244883e-05	
S00111.gastroc.KL               	0.081951358	0.081991827	9.7157925e-05	
S00111.gastroc.L0               	0.80114746	0.80122979	0.00010292932	
S00111.gastroc.KF               	1.4083029	1.4083085	1.5084485e-05	
S00111.gastroc.KS               	0.17734189	0.17735462	1.8418158e-05	
S11000.soleus.KL                	0.8172959	0.81770676	0.000487798	
S11000.soleus.L0                	0.90757594	0.90758854	0.0001469462	
S11000.soleus.KF                	-0.88357053	-0.88345003	0.00048341791	
S11000.soleus.KS                	0.10731252	0.10748026	0.00019862141	
S11000.gastroc.KL               	0.0086358352	0.0085957992	2.6555883e-05	
S11000.gastroc.L0               	0.53910351	0.53896373	0.00013989538	
S11000.gastroc.KF               	-1.7768362	-1.7764558	0.00031441442	
S11000.gastroc.KS               	0.27390957	0.27374921	0.00023072403	
S00011.vasti.KF                 	0.82895214	0.82890342	3.8886543e-05	
S00011.vasti.C0                 	0.082267499	0.082275315	5.8625863e-06	
S00011.vasti-knee_angle.pos_max 	-0.32059996	-0.32060477	2.0524947e-05	
S00011.hamstrings-pelvis_tilt.KP	0.74079158	0.74076622	0.00012987478	
S00011.hamstrings-pelvis_tilt.KV	0.56986041	0.5698591	1.425479e-05	
S00011.hamstrings-pelvis_tilt.C0	0.027385417	0.02742129	1.5906339e-05	
S00011.glut_max-pelvis_tilt.KP  	1.566423	1.5662647	0.00030613917	
S00011.glut_max-pelvis_tilt.KV  	0.31428743	0.31429913	1.4675437e-05	
S00011.glut_max-pelvis_tilt.C0  	0.1670257	0.1670531	2.0036853e-05	
S00011.iliopsoas-pelvis_tilt.KP 	-3.4514119	-3.4518208	0.00040555859	
S00011.iliopsoas-pelvis_tilt.KV 	-0.55079541	-0.55078909	2.08415e-05	
S00011.iliopsoas-pelvis_tilt.C0 	0.32441758	0.32442589	2.9703806e-05	
S00100.iliopsoas.C0             	0.33107042	0.33104037	2.5115591e-05	
S00100.glut_max.C0              	-0.024249421	-0.024271494	1.4210308e-05	
S11000.iliopsoas.KL             	0.57175347	0.57175703	2.3639634e-05	
S11000.iliopsoas.L0             	0.37958015	0.37958439	2.0504297e-05	
S11000.iliopsoas-pelvis_tilt.P0 	-0.04405168	-0.044055329	1.5809989e-05	
S11000.iliopsoas-pelvis_tilt.KP 	0.011166756	0.011172298	3.1715585e-05	
S11000.iliopsoas-pelvis_tilt.KV 	0.1378791	0.13792136	2.1135022e-05	
S11000.iliopsoas-hamstrings.KL  	-8.2637339	-8.2633494	0.00087836972	
S11000.iliopsoas-hamstrings.L0  	1.1749196	1.1749224	1.2205318e-05	
S11000.hamstrings.KF            	0.5652752	0.56527145	1.3459939e-05	
S11000.glut_max.KF              	0.62186467	0.62187312	1.5733577e-05	
