pelvis_tilt.offset              	0.020361324	0.020355375	7.484351e-06	
hip_flexion_r.offset            	0.06964555	0.069646571	9.1433288e-06	
knee_angle_r.offset             	-0.0015973302	-0.0015859477	1.0959503e-05	
ankle_angle_r.offset            	-0.061003746	-0.060995746	1.8496864e-05	
hip_flexion_l.offset            	-0.012646231	-0.012617102	2.9642779e-05	
knee_angle_l.offset             	0.050108818	0.050117733	2.6946244e-05	
ankle_angle_l.offset            	0.18034952	0.18033885	2.8907279e-05	
stance_load_threshold           	0.15261082	0.15259769	2.356913e-05	
S00111.tib_ant.KL               	1.2047483	1.2050673	0.00028913368	
S00111.tib_ant.L0               	0.75712168	0.7571066	3.0865387e-05	
S00111.tib_ant.KS               	0.00016452452	0.00016411046	5.5998308e-07	
S11000.tib_ant.KL               	1.2224509	1.2223602	0.00017931808	
S11000.tib_ant.L0               	0.71931918	0.71936811	3.36306e-05	
S11000.tib_ant.KS               	0.034193573	0.034186234	2.2081612e-05	
S11111.tib_ant-soleus.KF        	-0.11488424	-0.11487086	3.1609318e-05	
S00111.soleus-tib_ant.KS        	-0.83628296	-0.83632953	0.00017208486	
S00111.gastroc-tib_ant.KS       	-0.32404766	-0.32412688	6.6451572e-05	
S11000.soleus-tib_ant.KS        	-3.2772776	-3.2777043	0.00042860266	
S11000.gastroc-tib_ant.KS       	-1.71435	-1.7134152	0.00053263345	
S00111.tib_ant-soleus.KS        	-0.0033230726	-0.0033368182	1.3127773e-05	
S00111.tib_ant-gastroc.KS       	-0.0036674819	-0.0036511662	1.3838729e-05	
S11000.tib_ant-soleus.KS        	-0.0032913572	-0.0033036192	1.1894235e-05	
S11000.tib_ant-gastroc.KS       	-0.0034210648	-0.0034552659	1.2998485e-05	
S00111.soleus.KL                	4.0340481	4.0343664	0.00038485016	
S00111.soleus.L0                	0.95922798	0.95920218	2.6832633e-05	
S00111.soleus.KF                	0.22558008	0.22560261	2.9985508e-05	
S00111.soleus.KS                	0.15174885	0.15168704	8.1148062e-05	
S00111.gastroc.KL               	0.080930795	0.080982919	0.00010541088	
S00111.gastroc.L0               	0.79753396	0.79733513	0.00013169544	
S00111.gastroc.KF               	1.4077767	1.4077785	1.6916669e-05	
S00111.gastroc.KS               	0.17705917	0.17706002	2.1033636e-05	
S11000.soleus.KL                	0.81231941	0.81225265	0.00054318953	
S11000.soleus.L0                	0.90484873	0.90498193	0.00016357798	
S11000.soleus.KF                	-0.87369502	-0.87267658	0.00057149986	
S11000.soleus.KS                	0.10870524	0.10886139	0.00023193423	
S11000.gastroc.KL               	0.0086291691	0.0086318973	2.8446541e-05	
S11000.gastroc.L0               	0.53692676	0.53685459	0.00017160833	
S11000.gastroc.KF               	-1.7790341	-1.779632	0.00035875544	
S11000.gastroc.KS               	0.2676946	0.26743086	0.00028175792	
S00011.vasti.KF                 	0.8294751	0.82943697	4.2740233e-05	
S00011.vasti.C0                 	0.082260188	0.082257107	6.6340406e-06	
S00011.vasti-knee_angle.pos_max 	-0.32059339	-0.3206114	2.4028393e-05	
S00011.hamstrings-pelvis_tilt.KP	0.74117462	0.741285	0.00014924702	
S00011.hamstrings-pelvis_tilt.KV	0.56981557	0.56980523	1.6413088e-05	
S00011.hamstrings-pelvis_tilt.C0	0.027438982	0.027453455	1.8515859e-05	
S00011.glut_max-pelvis_tilt.KP  	1.5629381	1.563274	0.00035021249	
S00011.glut_max-pelvis_tilt.KV  	0.31398969	0.31399821	1.7058266e-05	
S00011.glut_max-pelvis_tilt.C0  	0.16734112	0.16736656	2.3348067e-05	
S00011.iliopsoas-pelvis_tilt.KP 	-3.4729394	-3.4725103	0.00048234144	
S00011.iliopsoas-pelvis_tilt.KV 	-0.55115513	-0.55115838	2.3982339e-05	
S00011.iliopsoas-pelvis_tilt.C0 	0.32506901	0.32506225	3.1581774e-05	
S00100.iliopsoas.C0             	0.33159102	0.33161204	2.9183726e-05	
S00100.glut_max.C0              	-0.024424213	-0.024428034	1.7112743e-05	
S11000.iliopsoas.KL             	0.57108137	0.57111172	2.8196584e-05	
S11000.iliopsoas.L0             	0.37882958	0.37886845	2.3969762e-05	
S11000.iliopsoas-pelvis_tilt.P0 	-0.043719015	-0.043742591	1.925261e-05	
S11000.iliopsoas-pelvis_tilt.KP 	0.010979316	0.010979225	3.3200056e-05	
S11000.iliopsoas-pelvis_tilt.KV 	0.13786982	0.1378279	2.3276128e-05	
S11000.iliopsoas-hamstrings.KL  	-8.2292063	-8.2277375	0.0010284826	
S11000.iliopsoas-hamstrings.L0  	1.1749576	1.1749616	1.3665158e-05	
S11000.hamstrings.KF            	0.56517825	0.56518398	1.510154e-05	
S11000.glut_max.KF              	0.62154265	0.62156222	1.8020091e-05	
