pelvis_tilt.offset              	0.019601075	0.019601489	2.2299834e-06	
hip_flexion_r.offset            	0.070706149	0.070707072	3.9742947e-06	
knee_angle_r.offset             	-0.0012834329	-0.0012920664	5.0742248e-06	
ankle_angle_r.offset            	-0.061233339	-0.061232172	8.0067112e-06	
hip_flexion_l.offset            	-0.010695294	-0.010701735	1.0949677e-05	
knee_angle_l.offset             	0.049557112	0.049540278	1.2434799e-05	
ankle_angle_l.offset            	0.18085311	0.1808423	1.3362985e-05	
stance_load_threshold           	0.15961911	0.15961961	1.0294095e-05	
S00111.tib_ant.KL               	1.202175	1.2021851	0.00011026204	
S00111.tib_ant.L0               	0.75099344	0.75099452	1.0312171e-05	
S00111.tib_ant.KS               	0.00016436533	0.00016413423	1.2983244e-07	
S11000.tib_ant.KL               	1.1783776	1.1782842	9.3041576e-05	
S11000.tib_ant.L0               	0.71627194	0.71627495	1.1752782e-05	
S11000.tib_ant.KS               	0.034654436	0.034664416	9.9822919e-06	
S11111.tib_ant-soleus.KF        	-0.11453877	-0.11455186	1.162712e-05	
S00111.soleus-tib_ant.KS        	-0.85024735	-0.85025692	4.6677688e-05	
S00111.gastroc-tib_ant.KS       	-0.32271799	-0.32272282	1.9230168e-05	
S11000.soleus-tib_ant.KS        	-3.2363679	-3.2365967	0.00018556919	
S11000.gastroc-tib_ant.KS       	-1.7411957	-1.741133	0.00020298349	
S00111.tib_ant-soleus.KS        	-0.0032370532	-0.0032350702	2.6904378e-06	
S00111.tib_ant-gastroc.KS       	-0.0036099409	-0.0036109276	3.1717947e-06	
S11000.tib_ant-soleus.KS        	-0.0033011126	-0.0032974633	2.6037474e-06	
S11000.tib_ant-gastroc.KS       	-0.0034000274	-0.0033968127	2.9344616e-06	
S00111.soleus.KL                	4.0423678	4.0423258	0.00014631006	
S00111.soleus.L0                	0.95994663	0.95994186	6.5551696e-06	
S00111.soleus.KF                	0.22595607	0.22595331	1.2053656e-05	
S00111.soleus.KS                	0.15671945	0.1567289	2.0704554e-05	
S00111.gastroc.KL               	0.079567458	0.079593566	3.3529289e-05	
S00111.gastroc.L0               	0.79767833	0.79764763	4.6108793e-05	
S00111.gastroc.KF               	1.4031614	1.4031524	8.3866319e-06	
S00111.gastroc.KS               	0.17698559	0.17698737	5.6323902e-06	
S11000.soleus.KL                	0.80235147	0.80275775	0.00022927597	
S11000.soleus.L0                	0.91030058	0.91034584	7.0600968e-05	
S11000.soleus.KF                	-0.87169793	-0.87165155	0.0002193642	
S11000.soleus.KS                	0.10346857	0.10337425	6.9217291e-05	
S11000.gastroc.KL               	0.0090471771	0.0090508213	6.6506617e-06	
S11000.gastroc.L0               	0.5105195	0.51058525	7.8512833e-05	
S11000.gastroc.KF               	-1.7938882	-1.7938295	0.00019238536	
S11000.gastroc.KS               	0.26704394	0.26697424	0.00011140597	
S00011.vasti.KF                 	0.830054	0.83005316	1.2362994e-05	
S00011.vasti.C0                 	0.083107241	0.083105466	2.0790613e-06	
S00011.vasti-knee_angle.pos_max 	-0.32058859	-0.32058957	6.4684156e-06	
S00011.hamstrings-pelvis_tilt.KP	0.73767164	0.73763582	4.0940961e-05	
S00011.hamstrings-pelvis_tilt.KV	0.56932784	0.5693434	8.8015407e-06	
S00011.hamstrings-pelvis_tilt.C0	0.027624464	0.027634157	5.9674764e-06	
S00011.glut_max-pelvis_tilt.KP  	1.5417956	1.5418589	0.00014967564	
S00011.glut_max-pelvis_tilt.KV  	0.31500819	0.31500877	8.0233629e-06	
S00011.glut_max-pelvis_tilt.C0  	0.16641372	0.16641129	1.0547956e-05	
S00011.iliopsoas-pelvis_tilt.KP 	-3.516581	-3.5164454	0.00019048644	
S00011.iliopsoas-pelvis_tilt.KV 	-0.55503109	-0.55501543	1.0743191e-05	
S00011.iliopsoas-pelvis_tilt.C0 	0.33090384	0.33090411	1.14203e-05	
S00100.iliopsoas.C0             	0.32849132	0.32850045	1.2235492e-05	
S00100.glut_max.C0              	-0.025696017	-0.025699827	7.6828281e-06	
S11000.iliopsoas.KL             	0.56694432	0.5669398	1.1689979e-05	
S11000.iliopsoas.L0             	0.37313916	0.37313827	9.0246242e-06	
S11000.iliopsoas-pelvis_tilt.P0 	-0.046121662	-0.046129237	8.9445601e-06	
S11000.iliopsoas-pelvis_tilt.KP 	0.01176434	0.011761481	9.2862011e-06	
S11000.iliopsoas-pelvis_tilt.KV 	0.13790233	0.13789291	7.5508921e-06	
S11000.iliopsoas-hamstrings.KL  	-8.5171989	-8.5177805	0.00051817575	
S11000.iliopsoas-hamstrings.L0  	1.1771643	1.1771677	4.5421398e-06	
S11000.hamstrings.KF            	0.56054989	0.56054506	6.0299697e-06	
S11000.glut_max.KF              	0.62068934	0.62068924	8.1274402e-06	
