pelvis_tilt.offset              	0.020321099	0.020326278	2.4595302e-06	
hip_flexion_r.offset            	0.070385402	0.070383504	2.2730239e-06	
knee_angle_r.offset             	-0.002201036	-0.0022004052	2.6425109e-06	
ankle_angle_r.offset            	-0.061465077	-0.061469647	3.8861387e-06	
hip_flexion_l.offset            	-0.013749624	-0.013740161	5.2452715e-06	
knee_angle_l.offset             	0.05353453	0.053536847	4.3056298e-06	
ankle_angle_l.offset            	0.18506303	0.18507	4.3340535e-06	
stance_load_threshold           	0.15075702	0.15075795	4.1347242e-06	
S00111.tib_ant.KL               	1.212998	1.2128747	7.1355146e-05	
S00111.tib_ant.L0               	0.75941505	0.75942743	7.6612127e-06	
S00111.tib_ant.KS               	0.00016381401	0.00016351367	2.3816516e-07	
S11000.tib_ant.KL               	1.2106918	1.2107425	4.1642003e-05	
S11000.tib_ant.L0               	0.7204224	0.72041867	7.6489196e-06	
S11000.tib_ant.KS               	0.035645805	0.035638627	3.4443521e-06	
S11111.tib_ant-soleus.KF        	-0.11479852	-0.1148023	6.8378222e-06	
S00111.soleus-tib_ant.KS        	-0.83094487	-0.83089036	6.3106189e-05	
S00111.gastroc-tib_ant.KS       	-0.32253832	-0.32259311	2.1409793e-05	
S11000.soleus-tib_ant.KS        	-3.3126775	-3.3126764	8.8892377e-05	
S11000.gastroc-tib_ant.KS       	-1.6981126	-1.6980825	8.1493817e-05	
S00111.tib_ant-soleus.KS        	-0.0031906318	-0.0031912705	7.5433335e-06	
S00111.tib_ant-gastroc.KS       	-0.0036623999	-0.0036453482	8.9277969e-06	
S11000.tib_ant-soleus.KS        	-0.0033647529	-0.0033715454	8.5033338e-06	
S11000.tib_ant-gastroc.KS       	-0.0036299405	-0.003627098	9.1162747e-06	
S00111.soleus.KL                	4.0049494	4.0049104	6.5169391e-05	
S00111.soleus.L0                	0.96109145	0.96108644	1.1072765e-05	
S00111.soleus.KF                	0.22753432	0.22753598	5.2874247e-06	
S00111.soleus.KS                	0.15927149	0.15923371	2.9255498e-05	
S00111.gastroc.KL               	0.082478033	0.082401551	2.6411931e-05	
S00111.gastroc.L0               	0.80034422	0.8003499	2.9756835e-05	
S00111.gastroc.KF               	1.4089372	1.4089385	3.9119253e-06	
S00111.gastroc.KS               	0.17727344	0.17727424	7.3912127e-06	
S11000.soleus.KL                	0.79689371	0.79698424	0.00011748729	
S11000.soleus.L0                	0.90064048	0.90060493	3.2776566e-05	
S11000.soleus.KF                	-0.89711739	-0.89698142	0.00011261003	
S11000.soleus.KS                	0.10451248	0.10454733	5.4756511e-05	
S11000.gastroc.KL               	0.0087092283	0.0086909019	1.038818e-05	
S11000.gastroc.L0               	0.538592	0.53858723	3.1071483e-05	
S11000.gastroc.KF               	-1.7477244	-1.7476817	7.4320465e-05	
S11000.gastroc.KS               	0.26694987	0.26693036	5.350481e-05	
S00011.vasti.KF                 	0.82838685	0.82841877	1.3271069e-05	
S00011.vasti.C0                 	0.082255185	0.082252398	2.3571243e-06	
S00011.vasti-knee_angle.pos_max 	-0.32027728	-0.32027555	6.4542454e-06	
S00011.hamstrings-pelvis_tilt.KP	0.7412497	0.74128952	4.4139576e-05	
S00011.hamstrings-pelvis_tilt.KV	0.56957158	0.56957787	3.3363897e-06	
S00011.hamstrings-pelvis_tilt.C0	0.027497381	0.027498492	4.2257974e-06	
S00011.glut_max-pelvis_tilt.KP  	1.5362093	1.5361162	6.6607053e-05	
S00011.glut_max-pelvis_tilt.KV  	0.31408876	0.31409512	3.826735e-06	
S00011.glut_max-pelvis_tilt.C0  	0.16533338	0.16533349	5.6030644e-06	
S00011.iliopsoas-pelvis_tilt.KP 	-3.4479294	-3.4476979	9.6148036e-05	
S00011.iliopsoas-pelvis_tilt.KV 	-0.54907719	-0.54907117	4.1660012e-06	
S00011.iliopsoas-pelvis_tilt.C0 	0.32609618	0.32610062	8.695264e-06	
S00100.iliopsoas.C0             	0.33272288	0.33271057	5.3711902e-06	
S00100.glut_max.C0              	-0.023729983	-0.023728023	3.5822558e-06	
S11000.iliopsoas.KL             	0.57307568	0.57308479	5.0420452e-06	
S11000.iliopsoas.L0             	0.37945723	0.37945585	5.2756155e-06	
S11000.iliopsoas-pelvis_tilt.P0 	-0.042467091	-0.042469922	3.0056059e-06	
S11000.iliopsoas-pelvis_tilt.KP 	0.011485761	0.011489168	8.3424576e-06	
S11000.iliopsoas-pelvis_tilt.KV 	0.14278184	0.14278815	5.2808178e-06	
S11000.iliopsoas-hamstrings.KL  	-8.2956886	-8.2955825	0.00017830829	
S11000.iliopsoas-hamstrings.L0  	1.1729703	1.1729744	3.0415593e-06	
S11000.hamstrings.KF            	0.56783866	0.56783264	3.4486855e-06	
S11000.glut_max.KF              	0.62283471	0.62283743	3.7697203e-06	
