pelvis_tilt.offset              	0.020396452	0.020414139	1.2046423e-05	
hip_flexion_r.offset            	0.069980784	0.069962964	1.6299327e-05	
knee_angle_r.offset             	-0.00081040416	-0.00077285531	2.2846128e-05	
ankle_angle_r.offset            	-0.059702661	-0.059715087	3.4293094e-05	
hip_flexion_l.offset            	-0.0097932274	-0.0099071797	4.6950829e-05	
knee_angle_l.offset             	0.050128735	0.050170527	4.4916481e-05	
ankle_angle_l.offset            	0.18032436	0.18031231	5.0612198e-05	
stance_load_threshold           	0.15488283	0.15491157	3.9055304e-05	
S00111.tib_ant.KL               	1.1926259	1.1925973	0.00051532903	
S00111.tib_ant.L0               	0.75406149	0.75416628	4.9892031e-05	
S00111.tib_ant.KS               	0.00016811871	0.00016866848	7.0758198e-07	
S11000.tib_ant.KL               	1.2159299	1.2157105	0.00032749414	
S11000.tib_ant.L0               	0.71541031	0.71541155	5.4909828e-05	
S11000.tib_ant.KS               	0.03387861	0.033890094	3.6764047e-05	
S11111.tib_ant-soleus.KF        	-0.11434559	-0.11430032	5.2964474e-05	
S00111.soleus-tib_ant.KS        	-0.84924024	-0.84934122	0.00025573657	
S00111.gastroc-tib_ant.KS       	-0.32444446	-0.32430327	9.6760218e-05	
S11000.soleus-tib_ant.KS        	-3.241338	-3.2420794	0.00073366065	
S11000.gastroc-tib_ant.KS       	-1.7118649	-1.7111183	0.00077891713	
S00111.tib_ant-soleus.KS        	-0.0032729667	-0.0032578177	1.5274465e-05	
S00111.tib_ant-gastroc.KS       	-0.003731453	-0.0037360121	1.7962725e-05	
S11000.tib_ant-soleus.KS        	-0.0034224781	-0.0034107323	1.5624852e-05	
S11000.tib_ant-gastroc.KS       	-0.0033414335	-0.0033587699	1.7130712e-05	
S00111.soleus.KL                	4.0555013	4.0558925	0.00065809032	
S00111.soleus.L0                	0.95980285	0.95984444	3.599999e-05	
S00111.soleus.KF                	0.22388311	0.22393472	4.8566143e-05	
S00111.soleus.KS                	0.15499597	0.15490994	0.00011397063	
S00111.gastroc.KL               	0.083008153	0.082842371	0.00014814376	
S00111.gastroc.L0               	0.79946434	0.79970552	0.00021167798	
S00111.gastroc.KF               	1.4066016	1.4066117	2.9189912e-05	
S00111.gastroc.KS               	0.1773039	0.17727345	2.9735615e-05	
S11000.soleus.KL                	0.78516512	0.78507793	0.00090046492	
S11000.soleus.L0                	0.89593296	0.89565873	0.00028981651	
S11000.soleus.KF                	-0.87552315	-0.8755043	0.00090777466	
S11000.soleus.KS                	0.1109676	0.11111433	0.00031113948	
S11000.gastroc.KL               	0.008713796	0.0086489808	3.5400513e-05	
S11000.gastroc.L0               	0.5208152	0.52045017	0.00032218879	
S11000.gastroc.KF               	-1.7908555	-1.7916891	0.00064344242	
S11000.gastroc.KS               	0.26626455	0.26649918	0.00044741306	
S00011.vasti.KF                 	0.82927353	0.82937811	5.7983229e-05	
S00011.vasti.C0                 	0.082619241	0.082621711	9.3282846e-06	
S00011.vasti-knee_angle.pos_max 	-0.32059763	-0.32060607	3.3421026e-05	
S00011.hamstrings-pelvis_tilt.KP	0.74018115	0.74012324	0.0002178256	
S00011.hamstrings-pelvis_tilt.KV	0.56888945	0.56892285	3.2710529e-05	
S00011.hamstrings-pelvis_tilt.C0	0.027001127	0.026966406	2.9838581e-05	
S00011.glut_max-pelvis_tilt.KP  	1.540711	1.5413514	0.00061048963	
S00011.glut_max-pelvis_tilt.KV  	0.31555672	0.3155349	3.2822908e-05	
S00011.glut_max-pelvis_tilt.C0  	0.16659333	0.16657933	4.2253391e-05	
S00011.iliopsoas-pelvis_tilt.KP 	-3.4896343	-3.4909515	0.00082261175	
S00011.iliopsoas-pelvis_tilt.KV 	-0.55180639	-0.55177537	4.264768e-05	
S00011.iliopsoas-pelvis_tilt.C0 	0.32416368	0.32413686	5.2184703e-05	
S00100.iliopsoas.C0             	0.32855565	0.32849641	4.635051e-05	
S00100.glut_max.C0              	-0.023897268	-0.023891084	2.7862415e-05	
S11000.iliopsoas.KL             	0.56923335	0.56920971	4.8659657e-05	
S11000.iliopsoas.L0             	0.37462464	0.37459804	3.9982652e-05	
S11000.iliopsoas-pelvis_tilt.P0 	-0.04411869	-0.044094146	3.1691326e-05	
S11000.iliopsoas-pelvis_tilt.KP 	0.011822533	0.01187261	4.5701189e-05	
S11000.iliopsoas-pelvis_tilt.KV 	0.13796673	0.13798067	3.1956991e-05	
S11000.iliopsoas-hamstrings.KL  	-8.3346558	-8.3346034	0.0016990601	
S11000.iliopsoas-hamstrings.L0  	1.1760688	1.1760624	2.2551259e-05	
S11000.hamstrings.KF            	0.56186974	0.56184379	2.5640183e-05	
S11000.glut_max.KF              	0.61914523	0.61916497	3.0673481e-05	
