pelvis_tilt.offset              	0.019648622	0.019644501	6.2300815e-06	
hip_flexion_r.offset            	0.070652933	0.070639665	1.1951623e-05	
knee_angle_r.offset             	-0.0014784748	-0.001489391	1.4725559e-05	
ankle_angle_r.offset            	-0.061273508	-0.061295653	2.4253174e-05	
hip_flexion_l.offset            	-0.010593941	-0.010641029	3.2516265e-05	
knee_angle_l.offset             	0.049509247	0.049515799	3.7117979e-05	
ankle_angle_l.offset            	0.18084249	0.18083033	4.0390563e-05	
stance_load_threshold           	0.15969623	0.15967223	3.0774635e-05	
S00111.tib_ant.KL               	1.2017969	1.2019084	0.00032903185	
S00111.tib_ant.L0               	0.75089635	0.75089811	2.9513952e-05	
S00111.tib_ant.KS               	0.00015917439	0.00015959804	3.7613519e-07	
S11000.tib_ant.KL               	1.1789187	1.1785595	0.00026400861	
S11000.tib_ant.L0               	0.71666397	0.71667089	3.3829542e-05	
S11000.tib_ant.KS               	0.034854885	0.03486517	2.8694785e-05	
S11111.tib_ant-soleus.KF        	-0.11428412	-0.11430165	3.5224266e-05	
S00111.soleus-tib_ant.KS        	-0.84862456	-0.8486755	0.00013713124	
S00111.gastroc-tib_ant.KS       	-0.32310433	-0.32309176	5.5798629e-05	
S11000.soleus-tib_ant.KS        	-3.246494	-3.2465937	0.00056857291	
S11000.gastroc-tib_ant.KS       	-1.7381075	-1.737448	0.00060806779	
S00111.tib_ant-soleus.KS        	-0.0032386801	-0.0032435587	8.0633559e-06	
S00111.tib_ant-gastroc.KS       	-0.0036860578	-0.0036760334	9.3381776e-06	
S11000.tib_ant-soleus.KS        	-0.0032147865	-0.0032215218	7.4742533e-06	
S11000.tib_ant-gastroc.KS       	-0.0033861367	-0.0034007221	8.426956e-06	
S00111.soleus.KL                	4.0469429	4.0469156	0.00043354817	
S00111.soleus.L0                	0.96005456	0.96006348	1.9221378e-05	
S00111.soleus.KF                	0.22593522	0.22593964	3.4330083e-05	
S00111.soleus.KS                	0.1557354	0.1557567	5.83968e-05	
S00111.gastroc.KL               	0.081249773	0.081241779	9.740395e-05	
S00111.gastroc.L0               	0.79733155	0.79745305	0.00012972286	
S00111.gastroc.KF               	1.4033243	1.4033293	2.4871608e-05	
S00111.gastroc.KS               	0.17692898	0.17693139	1.6555407e-05	
S11000.soleus.KL                	0.78637571	0.78725138	0.00069001626	
S11000.soleus.L0                	0.91212493	0.91203225	0.00022465664	
S11000.soleus.KF                	-0.87033237	-0.87016168	0.0006237488	
S11000.soleus.KS                	0.10772432	0.10765005	0.00020564759	
S11000.gastroc.KL               	0.0089105517	0.0088921622	2.0486221e-05	
S11000.gastroc.L0               	0.51016628	0.50997733	0.00022806221	
S11000.gastroc.KF               	-1.7782751	-1.7777082	0.00060497238	
S11000.gastroc.KS               	0.26573619	0.2658327	0.00032362944	
S00011.vasti.KF                 	0.82991235	0.82984161	3.6291967e-05	
S00011.vasti.C0                 	0.083166207	0.083171673	5.8652825e-06	
S00011.vasti-knee_angle.pos_max 	-0.32064035	-0.32061436	1.8379728e-05	
S00011.hamstrings-pelvis_tilt.KP	0.73705761	0.73699054	0.000119002	
S00011.hamstrings-pelvis_tilt.KV	0.56886789	0.56886283	2.5819665e-05	
S00011.hamstrings-pelvis_tilt.C0	0.027637376	0.027629742	1.7057394e-05	
S00011.glut_max-pelvis_tilt.KP  	1.5442601	1.5445208	0.00045011463	
S00011.glut_max-pelvis_tilt.KV  	0.31546164	0.31549912	2.4091454e-05	
S00011.glut_max-pelvis_tilt.C0  	0.16695183	0.16694491	3.0177643e-05	
S00011.iliopsoas-pelvis_tilt.KP 	-3.5167717	-3.5167466	0.0005558553	
S00011.iliopsoas-pelvis_tilt.KV 	-0.55492018	-0.55490316	3.1464536e-05	
S00011.iliopsoas-pelvis_tilt.C0 	0.33124705	0.33120288	3.3182512e-05	
S00100.iliopsoas.C0             	0.32798117	0.32797419	3.7100119e-05	
S00100.glut_max.C0              	-0.025553726	-0.025555501	2.2629623e-05	
S11000.iliopsoas.KL             	0.56721331	0.56722859	3.4195775e-05	
S11000.iliopsoas.L0             	0.37288902	0.37288523	2.6394249e-05	
S11000.iliopsoas-pelvis_tilt.P0 	-0.046076486	-0.046073739	2.6245834e-05	
S11000.iliopsoas-pelvis_tilt.KP 	0.011934753	0.011932207	2.6951855e-05	
S11000.iliopsoas-pelvis_tilt.KV 	0.13836194	0.13831782	2.3341794e-05	
S11000.iliopsoas-hamstrings.KL  	-8.4993762	-8.5018998	0.0015050354	
S11000.iliopsoas-hamstrings.L0  	1.1770917	1.1771185	1.3448827e-05	
S11000.hamstrings.KF            	0.56054558	0.56055032	1.6881939e-05	
S11000.glut_max.KF              	0.62060372	0.62059057	2.4472328e-05	
