pelvis_tilt.offset              	0.019336656	0.019342667	5.1643703e-06	
hip_flexion_r.offset            	0.071371136	0.071354715	9.065714e-06	
knee_angle_r.offset             	-0.00060315229	-0.00059380705	1.2118727e-05	
ankle_angle_r.offset            	-0.061680662	-0.061677602	1.8811346e-05	
hip_flexion_l.offset            	-0.012471998	-0.012389741	2.7312001e-05	
knee_angle_l.offset             	0.048371057	0.048351491	2.8341365e-05	
ankle_angle_l.offset            	0.17862912	0.17872157	3.4842077e-05	
stance_load_threshold           	0.15830747	0.15827675	2.4321445e-05	
S00111.tib_ant.KL               	1.2028064	1.20262	0.00026653953	
S00111.tib_ant.L0               	0.75253725	0.75254337	2.5032687e-05	
S00111.tib_ant.KS               	0.00015995782	0.00015992904	2.7456368e-07	
S11000.tib_ant.KL               	1.1642502	1.1643364	0.00022571684	
S11000.tib_ant.L0               	0.71125469	0.71123619	2.8736228e-05	
S11000.tib_ant.KS               	0.034225096	0.034184724	2.2841561e-05	
S11111.tib_ant-soleus.KF        	-0.11563165	-0.11564614	2.9045087e-05	
S00111.soleus-tib_ant.KS        	-0.84851229	-0.84837014	9.9574998e-05	
S00111.gastroc-tib_ant.KS       	-0.32241907	-0.32239285	4.3343128e-05	
S11000.soleus-tib_ant.KS        	-3.2078448	-3.2081366	0.00043685804	
S11000.gastroc-tib_ant.KS       	-1.7435353	-1.743478	0.00050001007	
S00111.tib_ant-soleus.KS        	-0.0033398073	-0.0033415263	5.5111703e-06	
S00111.tib_ant-gastroc.KS       	-0.0038933066	-0.0038861934	6.462233e-06	
S11000.tib_ant-soleus.KS        	-0.0034362615	-0.0034383266	5.6380019e-06	
S11000.tib_ant-gastroc.KS       	-0.0035104769	-0.0034972046	5.9899037e-06	
S00111.soleus.KL                	4.0561548	4.0560182	0.00035686194	
S00111.soleus.L0                	0.96119722	0.9611814	1.5067352e-05	
S00111.soleus.KF                	0.2233225	0.22330581	2.993407e-05	
S00111.soleus.KS                	0.15591304	0.15578913	4.6265946e-05	
S00111.gastroc.KL               	0.082337986	0.082360785	7.0726943e-05	
S00111.gastroc.L0               	0.80245057	0.80241611	0.00010845235	
S00111.gastroc.KF               	1.402451	1.4023962	1.9888708e-05	
S00111.gastroc.KS               	0.17729046	0.17727981	1.2127694e-05	
S11000.soleus.KL                	0.82131376	0.82145631	0.00052244501	
S11000.soleus.L0                	0.92643584	0.92660376	0.00018026254	
S11000.soleus.KF                	-0.94253503	-0.94275327	0.00052706733	
S11000.soleus.KS                	0.11126097	0.1109895	0.00016230513	
S11000.gastroc.KL               	0.0086925434	0.0086891851	1.4121802e-05	
S11000.gastroc.L0               	0.51213143	0.5123404	0.00018031959	
S11000.gastroc.KF               	-1.7883782	-1.7886687	0.00043718872	
S11000.gastroc.KS               	0.26658631	0.26634702	0.00025625711	
S00011.vasti.KF                 	0.83020206	0.83016379	2.769414e-05	
S00011.vasti.C0                 	0.082887484	0.082891763	4.6817941e-06	
S00011.vasti-knee_angle.pos_max 	-0.32062751	-0.32063317	1.4299656e-05	
S00011.hamstrings-pelvis_tilt.KP	0.74096879	0.74105472	9.3462059e-05	
S00011.hamstrings-pelvis_tilt.KV	0.57077879	0.57079594	2.0932064e-05	
S00011.hamstrings-pelvis_tilt.C0	0.026995174	0.02700192	1.304315e-05	
S00011.glut_max-pelvis_tilt.KP  	1.5479043	1.5480376	0.000339679	
S00011.glut_max-pelvis_tilt.KV  	0.31467729	0.31468497	1.8609635e-05	
S00011.glut_max-pelvis_tilt.C0  	0.16744842	0.16747173	2.4260147e-05	
S00011.iliopsoas-pelvis_tilt.KP 	-3.5291153	-3.528715	0.00041785745	
S00011.iliopsoas-pelvis_tilt.KV 	-0.55722394	-0.55721943	2.5869644e-05	
S00011.iliopsoas-pelvis_tilt.C0 	0.3315693	0.33156487	2.6316089e-05	
S00100.iliopsoas.C0             	0.32476684	0.32474551	3.1207548e-05	
S00100.glut_max.C0              	-0.024615324	-0.024636703	1.7619188e-05	
S11000.iliopsoas.KL             	0.56884935	0.56882157	2.9018147e-05	
S11000.iliopsoas.L0             	0.37498345	0.37495989	2.1783465e-05	
S11000.iliopsoas-pelvis_tilt.P0 	-0.045603042	-0.045626703	2.1342838e-05	
S11000.iliopsoas-pelvis_tilt.KP 	0.011162229	0.011229975	2.0080043e-05	
S11000.iliopsoas-pelvis_tilt.KV 	0.13788983	0.13789573	1.7377366e-05	
S11000.iliopsoas-hamstrings.KL  	-8.5626928	-8.5634933	0.0012723972	
S11000.iliopsoas-hamstrings.L0  	1.1776983	1.177678	1.0341493e-05	
S11000.hamstrings.KF            	0.55880635	0.55880731	1.3366846e-05	
S11000.glut_max.KF              	0.6194707	0.61948249	1.889753e-05	
