pelvis_tilt.offset              	0.019231827	0.019233397	7.7521232e-06	
hip_flexion_r.offset            	0.071775234	0.071755298	1.4308741e-05	
knee_angle_r.offset             	-0.0012615153	-0.0012684094	2.0977732e-05	
ankle_angle_r.offset            	-0.063458895	-0.063448218	3.4188773e-05	
hip_flexion_l.offset            	-0.012215834	-0.012151321	4.8508187e-05	
knee_angle_l.offset             	0.04685546	0.046908375	5.1047613e-05	
ankle_angle_l.offset            	0.1800631	0.18007368	6.2871305e-05	
stance_load_threshold           	0.15972119	0.15971737	3.8649491e-05	
S00111.tib_ant.KL               	1.1995781	1.1997029	0.00042588607	
S00111.tib_ant.L0               	0.75142653	0.75140765	4.1262284e-05	
S00111.tib_ant.KS               	0.00016055194	0.00016128539	4.6176055e-07	
S11000.tib_ant.KL               	1.1418516	1.1417709	0.00038154316	
S11000.tib_ant.L0               	0.71131919	0.71136514	5.0690586e-05	
S11000.tib_ant.KS               	0.034062572	0.034121944	3.5041171e-05	
S11111.tib_ant-soleus.KF        	-0.11409571	-0.11412627	5.2564694e-05	
S00111.soleus-tib_ant.KS        	-0.85419494	-0.85415313	0.00014114786	
S00111.gastroc-tib_ant.KS       	-0.32256723	-0.32256127	6.1682499e-05	
S11000.soleus-tib_ant.KS        	-3.2213878	-3.221824	0.00070655544	
S11000.gastroc-tib_ant.KS       	-1.7370559	-1.7356423	0.0008545192	
S00111.tib_ant-soleus.KS        	-0.0033821588	-0.0033792346	9.1048974e-06	
S00111.tib_ant-gastroc.KS       	-0.0036319798	-0.0036202753	1.0888383e-05	
S11000.tib_ant-soleus.KS        	-0.0034091269	-0.0034133918	8.0281346e-06	
S11000.tib_ant-gastroc.KS       	-0.0036141728	-0.0036073756	9.6031154e-06	
S00111.soleus.KL                	4.0690066	4.0697104	0.00070059812	
S00111.soleus.L0                	0.96113225	0.96110938	1.991912e-05	
S00111.soleus.KF                	0.22393765	0.22394437	5.3603108e-05	
S00111.soleus.KS                	0.15619173	0.15614542	6.0643724e-05	
S00111.gastroc.KL               	0.08242404	0.082459333	0.00010984215	
S00111.gastroc.L0               	0.79834007	0.79819607	0.00018441727	
S00111.gastroc.KF               	1.401926	1.4019216	3.4580273e-05	
S00111.gastroc.KS               	0.1772773	0.1772862	1.7659557e-05	
S11000.soleus.KL                	0.81573786	0.81467309	0.00090887953	
S11000.soleus.L0                	0.92949209	0.92938531	0.00032926619	
S11000.soleus.KF                	-0.90479873	-0.90523252	0.00089025976	
S11000.soleus.KS                	0.10807972	0.10836712	0.00027382057	
S11000.gastroc.KL               	0.0088278423	0.0088010896	2.2674559e-05	
S11000.gastroc.L0               	0.52154376	0.52166247	0.00029395256	
S11000.gastroc.KF               	-1.7519243	-1.7523185	0.00077342717	
S11000.gastroc.KS               	0.27519009	0.27486118	0.00045881879	
S00011.vasti.KF                 	0.82974089	0.82974503	4.5465129e-05	
S00011.vasti.C0                 	0.083103909	0.083114483	7.3780826e-06	
S00011.vasti-knee_angle.pos_max 	-0.32049803	-0.32048783	2.6337937e-05	
S00011.hamstrings-pelvis_tilt.KP	0.73869562	0.73896808	0.00014303385	
S00011.hamstrings-pelvis_tilt.KV	0.56975215	0.56970512	3.8968878e-05	
S00011.hamstrings-pelvis_tilt.C0	0.027614843	0.027612077	2.2252528e-05	
S00011.glut_max-pelvis_tilt.KP  	1.5609571	1.5610966	0.00058331576	
S00011.glut_max-pelvis_tilt.KV  	0.31520735	0.31524176	3.4681407e-05	
S00011.glut_max-pelvis_tilt.C0  	0.16708298	0.16709031	4.1084166e-05	
S00011.iliopsoas-pelvis_tilt.KP 	-3.498489	-3.4982707	0.00077203147	
S00011.iliopsoas-pelvis_tilt.KV 	-0.55703836	-0.55703412	5.3305781e-05	
S00011.iliopsoas-pelvis_tilt.C0 	0.33208648	0.33206366	4.446667e-05	
S00100.iliopsoas.C0             	0.32191504	0.32188816	5.9669404e-05	
S00100.glut_max.C0              	-0.024420394	-0.024438954	3.0917873e-05	
S11000.iliopsoas.KL             	0.56633456	0.56636006	5.1776391e-05	
S11000.iliopsoas.L0             	0.37336603	0.37337309	4.3393081e-05	
S11000.iliopsoas-pelvis_tilt.P0 	-0.044575192	-0.044512313	3.3935839e-05	
S11000.iliopsoas-pelvis_tilt.KP 	0.011404379	0.011391453	3.8331852e-05	
S11000.iliopsoas-pelvis_tilt.KV 	0.1378006	0.13784234	2.8179083e-05	
S11000.iliopsoas-hamstrings.KL  	-8.5218828	-8.5205443	0.0023203921	
S11000.iliopsoas-hamstrings.L0  	1.1783219	1.1782982	1.6869797e-05	
S11000.hamstrings.KF            	0.55722718	0.55722382	2.1269552e-05	
S11000.glut_max.KF              	0.62004324	0.62006124	3.6796411e-05	
