pelvis_tilt.offset              	0.019419226	0.019422718	3.4483734e-06	
hip_flexion_r.offset            	0.071678354	0.071680617	5.9726595e-06	
knee_angle_r.offset             	-0.00094854851	-0.00095736828	9.0215362e-06	
ankle_angle_r.offset            	-0.062210433	-0.062222282	1.2209908e-05	
hip_flexion_l.offset            	-0.011642994	-0.011650587	1.8139129e-05	
knee_angle_l.offset             	0.047976072	0.047964094	1.9444686e-05	
ankle_angle_l.offset            	0.17945651	0.17943199	2.3775263e-05	
stance_load_threshold           	0.15946503	0.15944668	1.7647503e-05	
S00111.tib_ant.KL               	1.1992324	1.1991368	0.0001780931	
S00111.tib_ant.L0               	0.75225667	0.75227794	1.7508477e-05	
S00111.tib_ant.KS               	0.00016475954	0.00016474791	1.9672013e-07	
S11000.tib_ant.KL               	1.1582666	1.1582544	0.00015583752	
S11000.tib_ant.L0               	0.71036548	0.71038005	2.0076884e-05	
S11000.tib_ant.KS               	0.034553993	0.034578444	1.482907e-05	
S11111.tib_ant-soleus.KF        	-0.11555149	-0.11552475	2.0282963e-05	
S00111.soleus-tib_ant.KS        	-0.84969529	-0.84964143	6.5425284e-05	
S00111.gastroc-tib_ant.KS       	-0.3225529	-0.32256951	2.7683241e-05	
S11000.soleus-tib_ant.KS        	-3.2243189	-3.2241769	0.00031171228	
S11000.gastroc-tib_ant.KS       	-1.7523708	-1.7523978	0.00034973934	
S00111.tib_ant-soleus.KS        	-0.0031946552	-0.0031971537	3.696464e-06	
S00111.tib_ant-gastroc.KS       	-0.0038358093	-0.003843145	4.4698478e-06	
S11000.tib_ant-soleus.KS        	-0.0034552491	-0.0034494083	3.8881842e-06	
S11000.tib_ant-gastroc.KS       	-0.0034594136	-0.0034590617	3.7823365e-06	
S00111.soleus.KL                	4.052851	4.0527875	0.00025431687	
S00111.soleus.L0                	0.96076903	0.96078271	9.7585344e-06	
S00111.soleus.KF                	0.22361425	0.22362179	2.0200053e-05	
S00111.soleus.KS                	0.15682864	0.15683066	2.8609702e-05	
S00111.gastroc.KL               	0.080808219	0.080837726	4.7364052e-05	
S00111.gastroc.L0               	0.79954879	0.79949192	7.1353361e-05	
S00111.gastroc.KF               	1.4023372	1.4023286	1.3619386e-05	
S00111.gastroc.KS               	0.17718935	0.17718577	8.0822657e-06	
S11000.soleus.KL                	0.7970234	0.79625585	0.00036861584	
S11000.soleus.L0                	0.9249999	0.92517648	0.0001288282	
S11000.soleus.KF                	-0.92246685	-0.92240379	0.00035824282	
S11000.soleus.KS                	0.10715423	0.10721416	0.00010421681	
S11000.gastroc.KL               	0.0088001961	0.0087985782	8.8946479e-06	
S11000.gastroc.L0               	0.52279624	0.52285611	0.0001195639	
S11000.gastroc.KF               	-1.768257	-1.7684825	0.00030566605	
S11000.gastroc.KS               	0.26447244	0.26443193	0.00018211015	
S00011.vasti.KF                 	0.82919902	0.82917902	1.917761e-05	
S00011.vasti.C0                 	0.083013688	0.083007193	3.1425125e-06	
S00011.vasti-knee_angle.pos_max 	-0.32031427	-0.32031458	1.0311117e-05	
S00011.hamstrings-pelvis_tilt.KP	0.74089403	0.74082489	5.8733817e-05	
S00011.hamstrings-pelvis_tilt.KV	0.57000899	0.56998607	1.5090682e-05	
S00011.hamstrings-pelvis_tilt.C0	0.027212869	0.027232121	9.0941329e-06	
S00011.glut_max-pelvis_tilt.KP  	1.565457	1.5652296	0.00023143139	
S00011.glut_max-pelvis_tilt.KV  	0.31539026	0.31538482	1.3645864e-05	
S00011.glut_max-pelvis_tilt.C0  	0.16747277	0.1674794	1.5798832e-05	
S00011.iliopsoas-pelvis_tilt.KP 	-3.5108627	-3.5108698	0.00029584082	
S00011.iliopsoas-pelvis_tilt.KV 	-0.5570352	-0.55706452	1.7936818e-05	
S00011.iliopsoas-pelvis_tilt.C0 	0.33262808	0.3326189	1.7424414e-05	
S00100.iliopsoas.C0             	0.32393483	0.3239176	2.117206e-05	
S00100.glut_max.C0              	-0.024229522	-0.024212799	1.2780184e-05	
S11000.iliopsoas.KL             	0.56689193	0.56688456	1.9418827e-05	
S11000.iliopsoas.L0             	0.37409288	0.37411633	1.6018959e-05	
S11000.iliopsoas-pelvis_tilt.P0 	-0.045277794	-0.045285545	1.518294e-05	
S11000.iliopsoas-pelvis_tilt.KP 	0.011487281	0.011483451	1.3642236e-05	
S11000.iliopsoas-pelvis_tilt.KV 	0.13820122	0.13821083	1.1261575e-05	
S11000.iliopsoas-hamstrings.KL  	-8.5158215	-8.515368	0.0009456519	
S11000.iliopsoas-hamstrings.L0  	1.1782147	1.1782092	7.2290106e-06	
S11000.hamstrings.KF            	0.55764758	0.55764635	8.8855481e-06	
S11000.glut_max.KF              	0.61928084	0.61929848	1.3854402e-05	
