pelvis_tilt.offset              	0.019313339	0.019314114	4.1353295e-06	
hip_flexion_r.offset            	0.070748584	0.070750841	3.7503663e-06	
knee_angle_r.offset             	-0.0027826236	-0.002784414	3.8231878e-06	
ankle_angle_r.offset            	-0.062238971	-0.062240007	5.6684685e-06	
hip_flexion_l.offset            	-0.014294733	-0.014299316	7.9809478e-06	
knee_angle_l.offset             	0.053028796	0.053036423	6.377303e-06	
ankle_angle_l.offset            	0.18583197	0.18583435	6.1132336e-06	
stance_load_threshold           	0.15126531	0.15126204	6.4087808e-06	
S00111.tib_ant.KL               	1.206051	1.2061853	0.00011071141	
S00111.tib_ant.L0               	0.75958558	0.75960034	1.17615e-05	
S00111.tib_ant.KS               	0.00016904564	0.00016950952	5.2921654e-07	
S11000.tib_ant.KL               	1.2165187	1.2164608	6.5037773e-05	
S11000.tib_ant.L0               	0.71977494	0.71978417	1.2109674e-05	
S11000.tib_ant.KS               	0.035975309	0.035976671	5.240522e-06	
S11111.tib_ant-soleus.KF        	-0.11389364	-0.11390646	1.0444059e-05	
S00111.soleus-tib_ant.KS        	-0.83659004	-0.83646764	0.0001047376	
S00111.gastroc-tib_ant.KS       	-0.32236356	-0.32231204	3.9986016e-05	
S11000.soleus-tib_ant.KS        	-3.3174657	-3.3175705	0.00013245082	
S11000.gastroc-tib_ant.KS       	-1.6732499	-1.6734635	0.00011570592	
S00111.tib_ant-soleus.KS        	-0.0031812923	-0.0031838396	2.4353141e-05	
S00111.tib_ant-gastroc.KS       	-0.0036522659	-0.0036325452	2.6560038e-05	
S11000.tib_ant-soleus.KS        	-0.0033156541	-0.0032795281	2.5013765e-05	
S11000.tib_ant-gastroc.KS       	-0.003563617	-0.0035352512	2.6407106e-05	
S00111.soleus.KL                	4.0284435	4.028466	9.2815833e-05	
S00111.soleus.L0                	0.96355905	0.96356096	2.0217731e-05	
S00111.soleus.KF                	0.22725204	0.22726158	7.8271877e-06	
S00111.soleus.KS                	0.16432636	0.16435274	5.0136621e-05	
S00111.gastroc.KL               	0.082135548	0.082165583	4.8943054e-05	
S00111.gastroc.L0               	0.79971547	0.79973596	4.4449572e-05	
S00111.gastroc.KF               	1.4096907	1.4096988	5.5389491e-06	
S00111.gastroc.KS               	0.17732828	0.17733706	1.7555046e-05	
S11000.soleus.KL                	0.8367147	0.83657816	0.00018070283	
S11000.soleus.L0                	0.89399583	0.89401533	4.961087e-05	
S11000.soleus.KF                	-0.88531535	-0.88510477	0.00017941273	
S11000.soleus.KS                	0.10986036	0.10982077	8.8904688e-05	
S11000.gastroc.KL               	0.0088260996	0.0088357438	1.8619824e-05	
S11000.gastroc.L0               	0.54926621	0.54928507	4.8938066e-05	
S11000.gastroc.KF               	-1.7280791	-1.7280084	0.00010488528	
S11000.gastroc.KS               	0.26525202	0.26518054	8.7832614e-05	
S00011.vasti.KF                 	0.8309055	0.83086801	2.107689e-05	
S00011.vasti.C0                 	0.081815266	0.081819155	4.0168174e-06	
S00011.vasti-knee_angle.pos_max 	-0.32037216	-0.32038908	1.1143504e-05	
S00011.hamstrings-pelvis_tilt.KP	0.7399696	0.73988912	8.227149e-05	
S00011.hamstrings-pelvis_tilt.KV	0.56859307	0.56859858	5.2260215e-06	
S00011.hamstrings-pelvis_tilt.C0	0.027771582	0.027773272	6.9462189e-06	
S00011.glut_max-pelvis_tilt.KP  	1.5284319	1.5283676	9.6734297e-05	
S00011.glut_max-pelvis_tilt.KV  	0.31311273	0.31310493	5.3409509e-06	
S00011.glut_max-pelvis_tilt.C0  	0.16299609	0.16299514	8.9124054e-06	
S00011.iliopsoas-pelvis_tilt.KP 	-3.4443647	-3.4445249	0.00014560765	
S00011.iliopsoas-pelvis_tilt.KV 	-0.54715726	-0.54715917	6.343744e-06	
S00011.iliopsoas-pelvis_tilt.C0 	0.32859936	0.32859892	1.3283674e-05	
S00100.iliopsoas.C0             	0.33313222	0.33313067	7.6680352e-06	
S00100.glut_max.C0              	-0.024932033	-0.024930939	5.2931482e-06	
S11000.iliopsoas.KL             	0.57143494	0.57143291	7.5144137e-06	
S11000.iliopsoas.L0             	0.38235528	0.38235638	7.3652509e-06	
S11000.iliopsoas-pelvis_tilt.P0 	-0.042601819	-0.04260649	4.6495405e-06	
S11000.iliopsoas-pelvis_tilt.KP 	0.011854412	0.011847582	1.3755008e-05	
S11000.iliopsoas-pelvis_tilt.KV 	0.14559612	0.1455896	6.9516613e-06	
S11000.iliopsoas-hamstrings.KL  	-8.3384719	-8.3389512	0.00027176702	
S11000.iliopsoas-hamstrings.L0  	1.1722706	1.1722712	5.1668659e-06	
S11000.hamstrings.KF            	0.5696736	0.5696707	5.0362936e-06	
S11000.glut_max.KF              	0.62199303	0.62199342	5.8326953e-06	
