pelvis_tilt.offset              	0.020006814	0.020000072	5.363779e-06	
hip_flexion_r.offset            	0.070394956	0.070407487	8.3759445e-06	
knee_angle_r.offset             	-0.0015397134	-0.0015478233	1.1829248e-05	
ankle_angle_r.offset            	-0.060632163	-0.060620493	1.6307717e-05	
hip_flexion_l.offset            	-0.010294891	-0.010322164	2.3908102e-05	
knee_angle_l.offset             	0.051927422	0.051921611	2.4212414e-05	
ankle_angle_l.offset            	0.18117055	0.18113505	2.7197172e-05	
stance_load_threshold           	0.15810595	0.15807199	2.2835599e-05	
S00111.tib_ant.KL               	1.191119	1.191217	0.00023771168	
S00111.tib_ant.L0               	0.75245732	0.75245926	2.4884758e-05	
S00111.tib_ant.KS               	0.00017103035	0.00017049624	3.2179277e-07	
S11000.tib_ant.KL               	1.1961571	1.1961841	0.00017556996	
S11000.tib_ant.L0               	0.715522	0.71551468	2.6503015e-05	
S11000.tib_ant.KS               	0.0343847	0.034395635	2.0074085e-05	
S11111.tib_ant-soleus.KF        	-0.1143485	-0.11435947	2.7046377e-05	
S00111.soleus-tib_ant.KS        	-0.84293373	-0.84291579	0.00012853117	
S00111.gastroc-tib_ant.KS       	-0.32495973	-0.32485786	4.8964362e-05	
S11000.soleus-tib_ant.KS        	-3.2415539	-3.2424181	0.00038475328	
S11000.gastroc-tib_ant.KS       	-1.7268762	-1.7266971	0.0004020845	
S00111.tib_ant-soleus.KS        	-0.0032079313	-0.003202845	6.3265172e-06	
S00111.tib_ant-gastroc.KS       	-0.0037916761	-0.0037877804	8.3204225e-06	
S11000.tib_ant-soleus.KS        	-0.0033203165	-0.0033130822	6.4734695e-06	
S11000.tib_ant-gastroc.KS       	-0.003365449	-0.003370176	7.6755717e-06	
S00111.soleus.KL                	4.0463667	4.0466058	0.00032381145	
S00111.soleus.L0                	0.95994374	0.95996068	1.7039132e-05	
S00111.soleus.KF                	0.22336192	0.22336785	2.4689228e-05	
S00111.soleus.KS                	0.1547844	0.15476605	5.4716659e-05	
S00111.gastroc.KL               	0.081221638	0.081219726	7.2272256e-05	
S00111.gastroc.L0               	0.79883475	0.79890942	9.6882156e-05	
S00111.gastroc.KF               	1.4053941	1.4054118	1.5209506e-05	
S00111.gastroc.KS               	0.17730847	0.17731872	1.3491646e-05	
S11000.soleus.KL                	0.78850371	0.7888234	0.0004631317	
S11000.soleus.L0                	0.89426026	0.8942347	0.00014430459	
S11000.soleus.KF                	-0.87479592	-0.87417261	0.00045476792	
S11000.soleus.KS                	0.10972701	0.10986905	0.00015000757	
S11000.gastroc.KL               	0.0084994747	0.0084930692	1.517759e-05	
S11000.gastroc.L0               	0.52560533	0.52556819	0.00016431947	
S11000.gastroc.KF               	-1.7871473	-1.7871276	0.00031917591	
S11000.gastroc.KS               	0.25740803	0.25738657	0.00022298327	
S00011.vasti.KF                 	0.82884881	0.82884984	2.7795404e-05	
S00011.vasti.C0                 	0.083032158	0.083029007	4.7922431e-06	
S00011.vasti-knee_angle.pos_max 	-0.32029929	-0.3203368	1.4969235e-05	
S00011.hamstrings-pelvis_tilt.KP	0.74071342	0.74057132	9.7231461e-05	
S00011.hamstrings-pelvis_tilt.KV	0.56963582	0.56964387	1.7045374e-05	
S00011.hamstrings-pelvis_tilt.C0	0.027726559	0.027710716	1.4923872e-05	
S00011.glut_max-pelvis_tilt.KP  	1.5542829	1.5541375	0.00030141806	
S00011.glut_max-pelvis_tilt.KV  	0.31510661	0.31509023	1.7805032e-05	
S00011.glut_max-pelvis_tilt.C0  	0.16732889	0.16730461	2.1460747e-05	
S00011.iliopsoas-pelvis_tilt.KP 	-3.4950958	-3.4955777	0.00042373388	
S00011.iliopsoas-pelvis_tilt.KV 	-0.55248001	-0.5524885	2.2102938e-05	
S00011.iliopsoas-pelvis_tilt.C0 	0.3269022	0.3268625	2.6282368e-05	
S00100.iliopsoas.C0             	0.32861526	0.32860646	2.3750444e-05	
S00100.glut_max.C0              	-0.024472592	-0.02446336	1.4491922e-05	
S11000.iliopsoas.KL             	0.5679248	0.56798375	2.4980567e-05	
S11000.iliopsoas.L0             	0.37222789	0.37220155	2.1647326e-05	
S11000.iliopsoas-pelvis_tilt.P0 	-0.045623293	-0.045610957	1.5680174e-05	
S11000.iliopsoas-pelvis_tilt.KP 	0.011205834	0.011226203	2.2537019e-05	
S11000.iliopsoas-pelvis_tilt.KV 	0.13825798	0.13826577	1.510102e-05	
S11000.iliopsoas-hamstrings.KL  	-8.4034241	-8.4036014	0.00093990929	
S11000.iliopsoas-hamstrings.L0  	1.1763507	1.1763363	1.0924567e-05	
S11000.hamstrings.KF            	0.561004	0.56102129	1.2612357e-05	
S11000.glut_max.KF              	0.6203093	0.62029046	1.7335643e-05	
