pelvis_tilt.offset              	0.022932833	0.022949669	1.401872e-05	
hip_flexion_r.offset            	0.06972078	0.069723385	1.2737651e-05	
knee_angle_r.offset             	2.4972892e-05	3.7144941e-05	1.2921075e-05	
ankle_angle_r.offset            	-0.060361717	-0.060333147	1.781873e-05	
hip_flexion_l.offset            	-0.013955784	-0.013943369	2.6404187e-05	
knee_angle_l.offset             	0.055853311	0.055848839	2.0449774e-05	
ankle_angle_l.offset            	0.18409869	0.18411387	1.9606139e-05	
stance_load_threshold           	0.15255757	0.15255448	2.0330403e-05	
S00111.tib_ant.KL               	1.2149891	1.2150902	0.00035628419	
S00111.tib_ant.L0               	0.7603216	0.76034891	3.983807e-05	
S00111.tib_ant.KS               	0.00015999329	0.00016268259	2.6872733e-06	
S11000.tib_ant.KL               	1.2396155	1.2393467	0.00019683553	
S11000.tib_ant.L0               	0.72492819	0.72491898	3.5642551e-05	
S11000.tib_ant.KS               	0.034848258	0.034862884	1.7404139e-05	
S11111.tib_ant-soleus.KF        	-0.11144793	-0.11140172	3.1842076e-05	
S00111.soleus-tib_ant.KS        	-0.86963514	-0.86960138	0.00036787524	
S00111.gastroc-tib_ant.KS       	-0.32493852	-0.32496942	0.00017398101	
S11000.soleus-tib_ant.KS        	-3.3402619	-3.3400966	0.00042598075	
S11000.gastroc-tib_ant.KS       	-1.6868543	-1.686663	0.00035643165	
S00111.tib_ant-soleus.KS        	-0.0033630875	-0.0033621349	0.00015193396	
S00111.tib_ant-gastroc.KS       	-0.0037175611	-0.0037447868	0.00016296821	
S11000.tib_ant-soleus.KS        	-0.0034548245	-0.0033050125	0.00015762664	
S11000.tib_ant-gastroc.KS       	-0.0036500751	-0.0035223473	0.00015981089	
S00111.soleus.KL                	4.0056987	4.0058106	0.0002869328	
S00111.soleus.L0                	0.95855333	0.95847943	7.5189312e-05	
S00111.soleus.KF                	0.22952244	0.22949302	2.5437747e-05	
S00111.soleus.KS                	0.16121062	0.16107004	0.00019582318	
S00111.gastroc.KL               	0.081609688	0.081679292	0.00020656436	
S00111.gastroc.L0               	0.80340697	0.80331136	0.00015163554	
S00111.gastroc.KF               	1.4072966	1.4072939	1.8091575e-05	
S00111.gastroc.KS               	0.17723798	0.17720522	8.1961565e-05	
S11000.soleus.KL                	0.83058304	0.83016055	0.00064534559	
S11000.soleus.L0                	0.89113981	0.89127486	0.00016502996	
S11000.soleus.KF                	-0.890401	-0.89083826	0.00062388094	
S11000.soleus.KS                	0.10838244	0.10792496	0.00035373518	
S11000.gastroc.KL               	0.0091648024	0.009088787	8.5560127e-05	
S11000.gastroc.L0               	0.51484467	0.51471164	0.00016064464	
S11000.gastroc.KF               	-1.7706727	-1.7702522	0.00035868094	
S11000.gastroc.KS               	0.27599749	0.27623649	0.00032125257	
S00011.vasti.KF                 	0.82564415	0.82562175	7.3079217e-05	
S00011.vasti.C0                 	0.083096808	0.083080512	1.3969244e-05	
S00011.vasti-knee_angle.pos_max 	-0.3075121	-0.30751146	3.4215622e-05	
S00011.hamstrings-pelvis_tilt.KP	0.73848347	0.73859905	0.00029337981	
S00011.hamstrings-pelvis_tilt.KV	0.56897926	0.56897072	1.6173154e-05	
S00011.hamstrings-pelvis_tilt.C0	0.027696862	0.027664222	2.6807764e-05	
S00011.glut_max-pelvis_tilt.KP  	1.4331792	1.43305	0.00028993373	
S00011.glut_max-pelvis_tilt.KV  	0.31561043	0.3156055	1.6471559e-05	
S00011.glut_max-pelvis_tilt.C0  	0.16074306	0.16069087	2.7310961e-05	
S00011.iliopsoas-pelvis_tilt.KP 	-3.3755866	-3.3753628	0.00043740551	
S00011.iliopsoas-pelvis_tilt.KV 	-0.54360338	-0.54363468	2.0558923e-05	
S00011.iliopsoas-pelvis_tilt.C0 	0.31714288	0.31713221	4.2930039e-05	
S00100.iliopsoas.C0             	0.33727738	0.33727039	2.3913804e-05	
S00100.glut_max.C0              	-0.02516419	-0.025176379	1.8177249e-05	
S11000.iliopsoas.KL             	0.56729596	0.56733289	2.3390488e-05	
S11000.iliopsoas.L0             	0.38912264	0.38913652	2.3381998e-05	
S11000.iliopsoas-pelvis_tilt.P0 	-0.042044088	-0.042068341	1.6184315e-05	
S11000.iliopsoas-pelvis_tilt.KP 	0.011377093	0.011390949	6.1321216e-05	
S11000.iliopsoas-pelvis_tilt.KV 	0.14443237	0.14442716	2.2475788e-05	
S11000.iliopsoas-hamstrings.KL  	-8.1700708	-8.171613	0.00081538426	
S11000.iliopsoas-hamstrings.L0  	1.1712709	1.1712872	1.7043915e-05	
S11000.hamstrings.KF            	0.57493838	0.57493672	1.6030315e-05	
S11000.glut_max.KF              	0.62099527	0.62098258	1.9080016e-05	
