pelvis_tilt.offset              	0.020576429	0.02058476	6.8916212e-06	
hip_flexion_r.offset            	0.069281228	0.069277551	7.3211702e-06	
knee_angle_r.offset             	-0.0016906542	-0.0016910686	8.1440219e-06	
ankle_angle_r.offset            	-0.060763998	-0.06076605	1.3676884e-05	
hip_flexion_l.offset            	-0.013919284	-0.013926753	1.9671292e-05	
knee_angle_l.offset             	0.052016828	0.052010863	1.7155146e-05	
ankle_angle_l.offset            	0.1819857	0.1819806	1.6332824e-05	
stance_load_threshold           	0.15175837	0.15172725	1.462387e-05	
S00111.tib_ant.KL               	1.2074359	1.2073632	0.00021269811	
S00111.tib_ant.L0               	0.7576549	0.75765874	2.3166159e-05	
S00111.tib_ant.KS               	0.00015998012	0.00016090991	5.457021e-07	
S11000.tib_ant.KL               	1.2123846	1.2120771	0.00013601608	
S11000.tib_ant.L0               	0.71962691	0.71962062	2.7200446e-05	
S11000.tib_ant.KS               	0.035049407	0.035059616	1.4656437e-05	
S11111.tib_ant-soleus.KF        	-0.11467112	-0.11467727	2.2004816e-05	
S00111.soleus-tib_ant.KS        	-0.83117186	-0.83124827	0.00016821341	
S00111.gastroc-tib_ant.KS       	-0.32322368	-0.3232135	5.6321171e-05	
S11000.soleus-tib_ant.KS        	-3.2863054	-3.2858428	0.00030416058	
S11000.gastroc-tib_ant.KS       	-1.7001276	-1.7001495	0.00032673061	
S00111.tib_ant-soleus.KS        	-0.003221663	-0.0032313437	1.4352172e-05	
S00111.tib_ant-gastroc.KS       	-0.0037008055	-0.0037003589	1.6984999e-05	
S11000.tib_ant-soleus.KS        	-0.003158663	-0.0031712587	1.5473068e-05	
S11000.tib_ant-gastroc.KS       	-0.0036177403	-0.0035860736	1.6202234e-05	
S00111.soleus.KL                	4.0326461	4.0326962	0.00023869142	
S00111.soleus.L0                	0.96029435	0.96029696	2.6110473e-05	
S00111.soleus.KF                	0.22694226	0.22693617	1.6957152e-05	
S00111.soleus.KS                	0.15343965	0.15340477	8.1648427e-05	
S00111.gastroc.KL               	0.081491718	0.081482512	7.3694432e-05	
S00111.gastroc.L0               	0.7982769	0.79829962	8.8338239e-05	
S00111.gastroc.KF               	1.4095089	1.4095038	1.1981545e-05	
S00111.gastroc.KS               	0.17733704	0.17732556	1.6730657e-05	
S11000.soleus.KL                	0.77145753	0.77135855	0.00041305285	
S11000.soleus.L0                	0.90269865	0.90286483	0.00011511568	
S11000.soleus.KF                	-0.87552761	-0.87482011	0.00037978519	
S11000.soleus.KS                	0.11006906	0.10983238	0.00016013062	
S11000.gastroc.KL               	0.0088909089	0.0088996445	2.5624268e-05	
S11000.gastroc.L0               	0.53874522	0.53873708	9.870899e-05	
S11000.gastroc.KF               	-1.7587474	-1.7591538	0.00022512263	
S11000.gastroc.KS               	0.26320123	0.26284092	0.00016821998	
S00011.vasti.KF                 	0.82869109	0.82863865	4.2005428e-05	
S00011.vasti.C0                 	0.082324947	0.082318825	6.332566e-06	
S00011.vasti-knee_angle.pos_max 	-0.32047995	-0.32045609	1.9893074e-05	
S00011.hamstrings-pelvis_tilt.KP	0.74014047	0.74022948	0.00012053304	
S00011.hamstrings-pelvis_tilt.KV	0.56994075	0.56994598	1.0656515e-05	
S00011.hamstrings-pelvis_tilt.C0	0.027413332	0.0274381	1.3513181e-05	
S00011.glut_max-pelvis_tilt.KP  	1.5513793	1.5511483	0.00023157238	
S00011.glut_max-pelvis_tilt.KV  	0.31466089	0.31466763	1.1889743e-05	
S00011.glut_max-pelvis_tilt.C0  	0.16723465	0.1672652	1.6537735e-05	
S00011.iliopsoas-pelvis_tilt.KP 	-3.4549069	-3.4546901	0.00032236943	
S00011.iliopsoas-pelvis_tilt.KV 	-0.54969763	-0.54967878	1.5887834e-05	
S00011.iliopsoas-pelvis_tilt.C0 	0.32461898	0.32465604	2.754508e-05	
S00100.iliopsoas.C0             	0.33243894	0.33240151	1.8057134e-05	
S00100.glut_max.C0              	-0.024280822	-0.024280099	1.1055375e-05	
S11000.iliopsoas.KL             	0.57219306	0.57220394	1.8608798e-05	
S11000.iliopsoas.L0             	0.37929199	0.3792857	1.5902572e-05	
S11000.iliopsoas-pelvis_tilt.P0 	-0.043087401	-0.04309715	1.0882794e-05	
S11000.iliopsoas-pelvis_tilt.KP 	0.011380776	0.011361366	2.6466842e-05	
S11000.iliopsoas-pelvis_tilt.KV 	0.138015	0.13804078	1.9694029e-05	
S11000.iliopsoas-hamstrings.KL  	-8.297387	-8.2966136	0.00068531124	
S11000.iliopsoas-hamstrings.L0  	1.1745616	1.1745381	1.1031516e-05	
S11000.hamstrings.KF            	0.56613984	0.56614429	1.1318021e-05	
S11000.glut_max.KF              	0.62166928	0.62166627	1.2285612e-05	
