pelvis_tilt.offset              	0.02033743	0.020335424	1.9911267e-06	
hip_flexion_r.offset            	0.070386482	0.070389027	1.9023895e-06	
knee_angle_r.offset             	-0.0021980961	-0.002199854	2.1951675e-06	
ankle_angle_r.offset            	-0.061447158	-0.061449666	3.3225344e-06	
hip_flexion_l.offset            	-0.013727957	-0.013726313	4.4344056e-06	
knee_angle_l.offset             	0.053536894	0.053538301	3.590467e-06	
ankle_angle_l.offset            	0.18504952	0.18504836	3.5601933e-06	
stance_load_threshold           	0.15075432	0.1507574	3.4877566e-06	
S00111.tib_ant.KL               	1.212648	1.2127144	5.9581756e-05	
S00111.tib_ant.L0               	0.7594426	0.75944043	6.3743594e-06	
S00111.tib_ant.KS               	0.00016300488	0.00016323872	2.0050086e-07	
S11000.tib_ant.KL               	1.2106285	1.2106763	3.4246153e-05	
S11000.tib_ant.L0               	0.72038996	0.72039228	6.2979503e-06	
S11000.tib_ant.KS               	0.035649734	0.035647668	2.8612483e-06	
S11111.tib_ant-soleus.KF        	-0.11478813	-0.11478241	5.8956926e-06	
S00111.soleus-tib_ant.KS        	-0.83077349	-0.83081974	5.1136758e-05	
S00111.gastroc-tib_ant.KS       	-0.32258269	-0.32255562	1.8298284e-05	
S11000.soleus-tib_ant.KS        	-3.31266	-3.312766	7.4925949e-05	
S11000.gastroc-tib_ant.KS       	-1.698333	-1.6983351	7.1482433e-05	
S00111.tib_ant-soleus.KS        	-0.0031977023	-0.0032004137	6.0090231e-06	
S00111.tib_ant-gastroc.KS       	-0.0036050645	-0.0036077019	7.4385344e-06	
S11000.tib_ant-soleus.KS        	-0.0033268423	-0.0033334566	7.1048344e-06	
S11000.tib_ant-gastroc.KS       	-0.0036106117	-0.0036074234	7.2256857e-06	
S00111.soleus.KL                	4.0053692	4.0052178	5.5693038e-05	
S00111.soleus.L0                	0.96112619	0.96111553	9.2640005e-06	
S00111.soleus.KF                	0.22751137	0.22752174	4.3328377e-06	
S00111.soleus.KS                	0.15927355	0.15927482	2.4503027e-05	
S00111.gastroc.KL               	0.082481086	0.082490985	2.1099907e-05	
S00111.gastroc.L0               	0.80044171	0.80042148	2.3300261e-05	
S00111.gastroc.KF               	1.4089313	1.408932	3.1714035e-06	
S00111.gastroc.KS               	0.17726768	0.17726022	6.0764769e-06	
S11000.soleus.KL                	0.79750483	0.79744573	9.7581588e-05	
S11000.soleus.L0                	0.9005786	0.90055962	2.778344e-05	
S11000.soleus.KF                	-0.89605508	-0.89593097	9.4039146e-05	
S11000.soleus.KS                	0.10421162	0.10422681	4.5487756e-05	
S11000.gastroc.KL               	0.0086592684	0.008655275	8.7242647e-06	
S11000.gastroc.L0               	0.53854737	0.53854754	2.6037424e-05	
S11000.gastroc.KF               	-1.7481101	-1.74803	5.9851872e-05	
S11000.gastroc.KS               	0.26720322	0.26714555	4.4803556e-05	
S00011.vasti.KF                 	0.82825253	0.82826459	1.1633514e-05	
S00011.vasti.C0                 	0.082255561	0.082257079	1.8664767e-06	
S00011.vasti-knee_angle.pos_max 	-0.32029593	-0.32029206	5.1753163e-06	
S00011.hamstrings-pelvis_tilt.KP	0.74136444	0.74136057	3.650194e-05	
S00011.hamstrings-pelvis_tilt.KV	0.56954776	0.56955056	2.823447e-06	
S00011.hamstrings-pelvis_tilt.C0	0.027497313	0.027501021	3.3543164e-06	
S00011.glut_max-pelvis_tilt.KP  	1.5363453	1.536415	5.7899082e-05	
S00011.glut_max-pelvis_tilt.KV  	0.31410333	0.31409927	3.1815968e-06	
S00011.glut_max-pelvis_tilt.C0  	0.16533316	0.16532636	4.7445676e-06	
S00011.iliopsoas-pelvis_tilt.KP 	-3.4473152	-3.4473517	7.9833306e-05	
S00011.iliopsoas-pelvis_tilt.KV 	-0.54903147	-0.54903004	3.7347058e-06	
S00011.iliopsoas-pelvis_tilt.C0 	0.32601298	0.32602292	7.4222544e-06	
S00100.iliopsoas.C0             	0.33272954	0.33272736	4.3913125e-06	
S00100.glut_max.C0              	-0.023726113	-0.023723144	2.9965706e-06	
S11000.iliopsoas.KL             	0.57310674	0.57310423	4.339943e-06	
S11000.iliopsoas.L0             	0.37946423	0.37946148	4.2683785e-06	
S11000.iliopsoas-pelvis_tilt.P0 	-0.042444135	-0.042445325	2.586925e-06	
S11000.iliopsoas-pelvis_tilt.KP 	0.011479358	0.011493751	6.5373336e-06	
S11000.iliopsoas-pelvis_tilt.KV 	0.14274905	0.1427555	4.5665147e-06	
S11000.iliopsoas-hamstrings.KL  	-8.294903	-8.2950808	0.00015241812	
S11000.iliopsoas-hamstrings.L0  	1.1729825	1.1729846	2.4978674e-06	
S11000.hamstrings.KF            	0.56782508	0.5678235	2.8135813e-06	
S11000.glut_max.KF              	0.62285608	0.62285512	3.093716e-06	
