pelvis_tilt.offset              	0.023067954	0.023067613	1.2491649e-06	
hip_flexion_r.offset            	0.069864503	0.069865661	1.1521621e-06	
knee_angle_r.offset             	0.00016999342	0.00017134348	1.2268711e-06	
ankle_angle_r.offset            	-0.060002777	-0.060002847	1.6874523e-06	
hip_flexion_l.offset            	-0.013632806	-0.013632154	2.4859217e-06	
knee_angle_l.offset             	0.056327171	0.05632956	1.8747904e-06	
ankle_angle_l.offset            	0.18441549	0.18441412	1.846165e-06	
stance_load_threshold           	0.15164796	0.15164868	1.9354554e-06	
S00111.tib_ant.KL               	1.2516288	1.2516025	3.2775521e-05	
S00111.tib_ant.L0               	0.76152887	0.7615308	3.5743386e-06	
S00111.tib_ant.KS               	0.00016548338	0.0001654335	4.319618e-07	
S11000.tib_ant.KL               	1.2355546	1.2355691	1.8700901e-05	
S11000.tib_ant.L0               	0.72962007	0.72961738	3.0333291e-06	
S11000.tib_ant.KS               	0.035254842	0.035253955	1.5667841e-06	
S11111.tib_ant-soleus.KF        	-0.10961783	-0.10961582	2.7825273e-06	
S00111.soleus-tib_ant.KS        	-0.86360175	-0.86352234	3.4435308e-05	
S00111.gastroc-tib_ant.KS       	-0.32514071	-0.32516175	2.0842754e-05	
S11000.soleus-tib_ant.KS        	-3.3463667	-3.3463536	4.1096744e-05	
S11000.gastroc-tib_ant.KS       	-1.6678819	-1.6678651	3.3930481e-05	
S00111.tib_ant-soleus.KS        	-0.0033094703	-0.0033112574	4.5244593e-05	
S00111.tib_ant-gastroc.KS       	-0.0036658371	-0.0036861802	4.5407605e-05	
S11000.tib_ant-soleus.KS        	-0.0032487686	-0.0032809096	4.4771195e-05	
S11000.tib_ant-gastroc.KS       	-0.0035476	-0.00349338	4.4017621e-05	
S00111.soleus.KL                	4.0111146	4.0111325	2.8222378e-05	
S00111.soleus.L0                	0.95845865	0.95845297	7.157489e-06	
S00111.soleus.KF                	0.22887731	0.22887734	2.2715364e-06	
S00111.soleus.KS                	0.15345246	0.15345543	1.8861246e-05	
S00111.gastroc.KL               	0.082803889	0.082759265	2.3158437e-05	
S00111.gastroc.L0               	0.81489633	0.81489894	1.304975e-05	
S00111.gastroc.KF               	1.4081647	1.4081661	1.727555e-06	
S00111.gastroc.KS               	0.17721686	0.17720871	9.632934e-06	
S11000.soleus.KL                	0.80080235	0.8008172	6.1158198e-05	
S11000.soleus.L0                	0.895452	0.89543942	1.4491796e-05	
S11000.soleus.KF                	-0.89516656	-0.89520615	5.4862741e-05	
S11000.soleus.KS                	0.10301519	0.10299861	3.6468384e-05	
S11000.gastroc.KL               	0.0088485591	0.0088523939	1.1270253e-05	
S11000.gastroc.L0               	0.5170374	0.51702955	1.4643013e-05	
S11000.gastroc.KF               	-1.7838356	-1.7837959	3.1675132e-05	
S11000.gastroc.KS               	0.26856197	0.26853863	2.7568393e-05	
S00011.vasti.KF                 	0.82971831	0.82972228	6.9237881e-06	
S00011.vasti.C0                 	0.083049352	0.083046876	1.4468214e-06	
S00011.vasti-knee_angle.pos_max 	-0.30417719	-0.30418041	2.9360642e-06	
S00011.hamstrings-pelvis_tilt.KP	0.73937939	0.73939468	2.920651e-05	
S00011.hamstrings-pelvis_tilt.KV	0.56852277	0.56852075	1.4688169e-06	
S00011.hamstrings-pelvis_tilt.C0	0.027693862	0.027694624	2.8680063e-06	
S00011.glut_max-pelvis_tilt.KP  	1.4391844	1.4391582	2.4691304e-05	
S00011.glut_max-pelvis_tilt.KV  	0.31542306	0.31542194	1.5656853e-06	
S00011.glut_max-pelvis_tilt.C0  	0.16149815	0.16149985	2.5248326e-06	
S00011.iliopsoas-pelvis_tilt.KP 	-3.3758963	-3.375883	3.9775833e-05	
S00011.iliopsoas-pelvis_tilt.KV 	-0.54320488	-0.54320537	1.9576908e-06	
S00011.iliopsoas-pelvis_tilt.C0 	0.31671016	0.31670745	3.8811578e-06	
S00100.iliopsoas.C0             	0.33696576	0.33696138	2.1783007e-06	
S00100.glut_max.C0              	-0.024286026	-0.024287976	1.6202006e-06	
S11000.iliopsoas.KL             	0.56574403	0.56574451	2.0205844e-06	
S11000.iliopsoas.L0             	0.39063834	0.3906407	2.134454e-06	
S11000.iliopsoas-pelvis_tilt.P0 	-0.04263335	-0.042634743	1.6007509e-06	
S11000.iliopsoas-pelvis_tilt.KP 	0.01136997	0.011372528	6.7537118e-06	
S11000.iliopsoas-pelvis_tilt.KV 	0.14512824	0.14512906	2.188568e-06	
S11000.iliopsoas-hamstrings.KL  	-8.1196626	-8.1196464	6.6643243e-05	
S11000.iliopsoas-hamstrings.L0  	1.1709923	1.1709925	1.5342682e-06	
S11000.hamstrings.KF            	0.57545038	0.5754503	1.6042217e-06	
S11000.glut_max.KF              	0.62171688	0.62171768	1.7491518e-06	
