pelvis_tilt.offset              	0.02071406	0.020704167	7.1948476e-06	
hip_flexion_r.offset            	0.069504683	0.069505497	9.2628993e-06	
knee_angle_r.offset             	-0.0012569841	-0.0012509185	1.094577e-05	
ankle_angle_r.offset            	-0.06153537	-0.061508469	1.6392147e-05	
hip_flexion_l.offset            	-0.013112534	-0.013109805	2.3686909e-05	
knee_angle_l.offset             	0.050336797	0.05034834	2.2300203e-05	
ankle_angle_l.offset            	0.18087781	0.18092057	2.3235746e-05	
stance_load_threshold           	0.15198251	0.15196823	2.1347937e-05	
S00111.tib_ant.KL               	1.2139258	1.2140957	0.00027353002	
S00111.tib_ant.L0               	0.7566333	0.7566153	2.8909318e-05	
S00111.tib_ant.KS               	0.00017258227	0.00017200966	5.3901037e-07	
S11000.tib_ant.KL               	1.2189672	1.2189296	0.00017066042	
S11000.tib_ant.L0               	0.71902187	0.71896371	3.1644951e-05	
S11000.tib_ant.KS               	0.034102104	0.034076196	1.9542603e-05	
S11111.tib_ant-soleus.KF        	-0.11548955	-0.11547081	2.8747743e-05	
S00111.soleus-tib_ant.KS        	-0.83546165	-0.83559054	0.00016973294	
S00111.gastroc-tib_ant.KS       	-0.32387626	-0.32384241	6.6482685e-05	
S11000.soleus-tib_ant.KS        	-3.2900915	-3.2904437	0.00037426614	
S11000.gastroc-tib_ant.KS       	-1.6992739	-1.6991209	0.00047063014	
S00111.tib_ant-soleus.KS        	-0.0031586752	-0.0031723072	1.4331244e-05	
S00111.tib_ant-gastroc.KS       	-0.0037196004	-0.0037031368	1.5023955e-05	
S11000.tib_ant-soleus.KS        	-0.003423587	-0.0034225737	1.3850493e-05	
S11000.tib_ant-gastroc.KS       	-0.0033277953	-0.0033382394	1.4306566e-05	
S00111.soleus.KL                	4.0415913	4.040971	0.00032027522	
S00111.soleus.L0                	0.95923406	0.95921495	2.8562265e-05	
S00111.soleus.KF                	0.22653648	0.22655575	2.4397591e-05	
S00111.soleus.KS                	0.15067935	0.15067874	8.7631434e-05	
S00111.gastroc.KL               	0.081126342	0.081147225	9.8243874e-05	
S00111.gastroc.L0               	0.80066185	0.80079238	0.00010911418	
S00111.gastroc.KF               	1.4087469	1.4087422	1.5341905e-05	
S00111.gastroc.KS               	0.1770725	0.17704768	1.9108295e-05	
S11000.soleus.KL                	0.80512612	0.80515384	0.00052103889	
S11000.soleus.L0                	0.90953667	0.90961905	0.00015687748	
S11000.soleus.KF                	-0.89260525	-0.89310539	0.00047779346	
S11000.soleus.KS                	0.10401094	0.10366025	0.00019590191	
S11000.gastroc.KL               	0.0087265305	0.0087477522	2.8366625e-05	
S11000.gastroc.L0               	0.53595194	0.53603347	0.00014416761	
S11000.gastroc.KF               	-1.767245	-1.7672334	0.00030172233	
S11000.gastroc.KS               	0.27256254	0.27247971	0.00023394689	
S00011.vasti.KF                 	0.82902785	0.82897551	4.5220905e-05	
S00011.vasti.C0                 	0.082266835	0.08227618	6.8086977e-06	
S00011.vasti-knee_angle.pos_max 	-0.32051439	-0.32051599	2.3387448e-05	
S00011.hamstrings-pelvis_tilt.KP	0.7398264	0.7396888	0.00014281391	
S00011.hamstrings-pelvis_tilt.KV	0.56971862	0.56971143	1.4449603e-05	
S00011.hamstrings-pelvis_tilt.C0	0.027467472	0.027469817	1.7243598e-05	
S00011.glut_max-pelvis_tilt.KP  	1.5671791	1.5668157	0.00030634345	
S00011.glut_max-pelvis_tilt.KV  	0.31438495	0.31437583	1.5635356e-05	
S00011.glut_max-pelvis_tilt.C0  	0.1673328	0.16736747	2.1112239e-05	
S00011.iliopsoas-pelvis_tilt.KP 	-3.4523451	-3.4523522	0.00041289532	
S00011.iliopsoas-pelvis_tilt.KV 	-0.55078262	-0.55078263	2.1368328e-05	
S00011.iliopsoas-pelvis_tilt.C0 	0.32364865	0.32367522	3.2793021e-05	
S00100.iliopsoas.C0             	0.33208541	0.33209603	2.5988202e-05	
S00100.glut_max.C0              	-0.024470404	-0.024474842	1.4615576e-05	
S11000.iliopsoas.KL             	0.57170304	0.571711	2.3331638e-05	
S11000.iliopsoas.L0             	0.37986483	0.37989308	2.1833823e-05	
S11000.iliopsoas-pelvis_tilt.P0 	-0.044274008	-0.04426133	1.5656507e-05	
S11000.iliopsoas-pelvis_tilt.KP 	0.011620703	0.011602637	3.0893972e-05	
S11000.iliopsoas-pelvis_tilt.KV 	0.13791665	0.13793046	2.3059144e-05	
S11000.iliopsoas-hamstrings.KL  	-8.3074424	-8.3083456	0.00090677944	
S11000.iliopsoas-hamstrings.L0  	1.1748475	1.174854	1.3201616e-05	
S11000.hamstrings.KF            	0.56543175	0.56544024	1.3296355e-05	
S11000.glut_max.KF              	0.62229008	0.62226901	1.7015776e-05	
