pelvis_tilt.offset              	0.020505329	0.020501711	4.6454672e-06	
hip_flexion_r.offset            	0.070090403	0.070093325	6.386074e-06	
knee_angle_r.offset             	-0.0010513059	-0.0010642135	8.5722311e-06	
ankle_angle_r.offset            	-0.059830804	-0.059841839	1.3061518e-05	
hip_flexion_l.offset            	-0.010116115	-0.010124065	1.8491914e-05	
knee_angle_l.offset             	0.05004491	0.050044039	1.8388324e-05	
ankle_angle_l.offset            	0.18005067	0.18006758	1.9614939e-05	
stance_load_threshold           	0.15519242	0.15519803	1.4896645e-05	
S00111.tib_ant.KL               	1.194965	1.1948137	0.00020185554	
S00111.tib_ant.L0               	0.75439719	0.75442041	1.9498018e-05	
S00111.tib_ant.KS               	0.00015976661	0.00015966813	2.7809053e-07	
S11000.tib_ant.KL               	1.2160692	1.2160888	0.0001261365	
S11000.tib_ant.L0               	0.71544521	0.7154307	2.0630368e-05	
S11000.tib_ant.KS               	0.033823265	0.033835685	1.43698e-05	
S11111.tib_ant-soleus.KF        	-0.11449281	-0.11451915	1.9954423e-05	
S00111.soleus-tib_ant.KS        	-0.85017472	-0.85031134	9.9291515e-05	
S00111.gastroc-tib_ant.KS       	-0.32445109	-0.32450376	3.7463766e-05	
S11000.soleus-tib_ant.KS        	-3.2445617	-3.2446746	0.00028610967	
S11000.gastroc-tib_ant.KS       	-1.7083502	-1.7083515	0.00030865504	
S00111.tib_ant-soleus.KS        	-0.0033678588	-0.0033542936	6.1409996e-06	
S00111.tib_ant-gastroc.KS       	-0.0038456968	-0.0038620309	6.9587009e-06	
S11000.tib_ant-soleus.KS        	-0.0033954598	-0.0033998791	6.0277871e-06	
S11000.tib_ant-gastroc.KS       	-0.0034124477	-0.003400126	6.891069e-06	
S00111.soleus.KL                	4.0563671	4.0563069	0.00025957066	
S00111.soleus.L0                	0.95989778	0.95988453	1.4827702e-05	
S00111.soleus.KF                	0.22405332	0.22405629	1.9704445e-05	
S00111.soleus.KS                	0.15595029	0.15593822	4.6108811e-05	
S00111.gastroc.KL               	0.082209508	0.082215791	6.066014e-05	
S00111.gastroc.L0               	0.79887913	0.79893433	8.2274954e-05	
S00111.gastroc.KF               	1.4064578	1.4064456	1.1429328e-05	
S00111.gastroc.KS               	0.17705649	0.17707381	1.2059338e-05	
S11000.soleus.KL                	0.77265879	0.77304041	0.0003446769	
S11000.soleus.L0                	0.89779687	0.89780034	0.00010951086	
S11000.soleus.KF                	-0.87690063	-0.87686234	0.00035144775	
S11000.soleus.KS                	0.10741674	0.10719808	0.00012071487	
S11000.gastroc.KL               	0.0084732161	0.0084645558	1.4246403e-05	
S11000.gastroc.L0               	0.51578237	0.51580097	0.00012739509	
S11000.gastroc.KF               	-1.7945093	-1.7947694	0.00024991718	
S11000.gastroc.KS               	0.26979005	0.26993571	0.0001687692	
S00011.vasti.KF                 	0.82957366	0.82956872	2.3663979e-05	
S00011.vasti.C0                 	0.08254458	0.082546876	3.6696568e-06	
S00011.vasti-knee_angle.pos_max 	-0.32061624	-0.32062112	1.3372876e-05	
S00011.hamstrings-pelvis_tilt.KP	0.7406088	0.74060167	8.6015693e-05	
S00011.hamstrings-pelvis_tilt.KV	0.56814028	0.56812958	1.1668039e-05	
S00011.hamstrings-pelvis_tilt.C0	0.027098783	0.027106251	1.1974646e-05	
S00011.glut_max-pelvis_tilt.KP  	1.5340599	1.534309	0.00023741321	
S00011.glut_max-pelvis_tilt.KV  	0.3152676	0.31527161	1.2737083e-05	
S00011.glut_max-pelvis_tilt.C0  	0.16645761	0.16642221	1.5848377e-05	
S00011.iliopsoas-pelvis_tilt.KP 	-3.4819538	-3.4821703	0.00029968608	
S00011.iliopsoas-pelvis_tilt.KV 	-0.55184937	-0.55188044	1.6336913e-05	
S00011.iliopsoas-pelvis_tilt.C0 	0.32408412	0.32407657	2.0176005e-05	
S00100.iliopsoas.C0             	0.32895253	0.32894833	1.8232003e-05	
S00100.glut_max.C0              	-0.023990489	-0.023999112	1.0766972e-05	
S11000.iliopsoas.KL             	0.56901257	0.56900985	1.9368767e-05	
S11000.iliopsoas.L0             	0.37455732	0.37456616	1.5477319e-05	
S11000.iliopsoas-pelvis_tilt.P0 	-0.044363046	-0.044342182	1.193194e-05	
S11000.iliopsoas-pelvis_tilt.KP 	0.011535744	0.011525461	1.7772176e-05	
S11000.iliopsoas-pelvis_tilt.KV 	0.13782556	0.13780722	1.266049e-05	
S11000.iliopsoas-hamstrings.KL  	-8.3206324	-8.3221066	0.00067627434	
S11000.iliopsoas-hamstrings.L0  	1.175993	1.1759971	8.8458331e-06	
S11000.hamstrings.KF            	0.56217454	0.5621874	9.9333712e-06	
S11000.glut_max.KF              	0.61926134	0.61926693	1.1805658e-05	
