pelvis_tilt.offset              	0.020672575	0.020673693	6.6146021e-06	
hip_flexion_r.offset            	0.069400633	0.069404293	7.2593622e-06	
knee_angle_r.offset             	-0.0018585254	-0.0018567311	8.1417618e-06	
ankle_angle_r.offset            	-0.060727659	-0.06072665	1.3182983e-05	
hip_flexion_l.offset            	-0.01379957	-0.01381267	1.9485456e-05	
knee_angle_l.offset             	0.051782166	0.051809502	1.7363111e-05	
ankle_angle_l.offset            	0.18155597	0.18159129	1.7906955e-05	
stance_load_threshold           	0.15178168	0.15175895	1.5750443e-05	
S00111.tib_ant.KL               	1.2095733	1.209649	0.00021463759	
S00111.tib_ant.L0               	0.75737048	0.7573983	2.3339292e-05	
S00111.tib_ant.KS               	0.00016376147	0.00016407391	5.1574953e-07	
S11000.tib_ant.KL               	1.2181816	1.2181837	0.00013761656	
S11000.tib_ant.L0               	0.71974218	0.71973461	2.703486e-05	
S11000.tib_ant.KS               	0.034734717	0.034732047	1.5335446e-05	
S11111.tib_ant-soleus.KF        	-0.11504501	-0.11500607	2.3064814e-05	
S00111.soleus-tib_ant.KS        	-0.83243246	-0.83245952	0.00015800167	
S00111.gastroc-tib_ant.KS       	-0.3236325	-0.3236521	5.6251546e-05	
S11000.soleus-tib_ant.KS        	-3.2825134	-3.2823885	0.00029998968	
S11000.gastroc-tib_ant.KS       	-1.711899	-1.711943	0.00035966006	
S00111.tib_ant-soleus.KS        	-0.0032006524	-0.0032283794	1.2702687e-05	
S00111.tib_ant-gastroc.KS       	-0.0035887095	-0.0035992719	1.4844568e-05	
S11000.tib_ant-soleus.KS        	-0.0032580249	-0.0032370292	1.3568165e-05	
S11000.tib_ant-gastroc.KS       	-0.0033676975	-0.0033846508	1.4821644e-05	
S00111.soleus.KL                	4.0356492	4.0360419	0.00024946851	
S00111.soleus.L0                	0.9601951	0.96020978	2.4889149e-05	
S00111.soleus.KF                	0.22741487	0.22739723	1.7693997e-05	
S00111.soleus.KS                	0.15247885	0.15260527	8.0343657e-05	
S00111.gastroc.KL               	0.079340531	0.079379	7.273232e-05	
S00111.gastroc.L0               	0.79821553	0.79817421	8.8243754e-05	
S00111.gastroc.KF               	1.4092911	1.4092901	1.231244e-05	
S00111.gastroc.KS               	0.17736402	0.17735518	1.5619821e-05	
S11000.soleus.KL                	0.77824008	0.77861669	0.00040851215	
S11000.soleus.L0                	0.90491365	0.9046649	0.00012547284	
S11000.soleus.KF                	-0.87567797	-0.87572298	0.00036457782	
S11000.soleus.KS                	0.109617	0.10908591	0.00017498189	
S11000.gastroc.KL               	0.0090861528	0.0091139455	2.4277079e-05	
S11000.gastroc.L0               	0.54286628	0.54267678	0.00010158025	
S11000.gastroc.KF               	-1.7460758	-1.7458709	0.00023158654	
S11000.gastroc.KS               	0.25837064	0.25833614	0.00017770047	
S00011.vasti.KF                 	0.82888092	0.82894736	4.1991771e-05	
S00011.vasti.C0                 	0.082309495	0.082315416	5.926574e-06	
S00011.vasti-knee_angle.pos_max 	-0.32060521	-0.32061727	1.9118959e-05	
S00011.hamstrings-pelvis_tilt.KP	0.74162791	0.74143358	0.00011521457	
S00011.hamstrings-pelvis_tilt.KV	0.56966628	0.56965481	1.0959176e-05	
S00011.hamstrings-pelvis_tilt.C0	0.027621426	0.027641761	1.3610154e-05	
S00011.glut_max-pelvis_tilt.KP  	1.5572753	1.5573669	0.00023677158	
S00011.glut_max-pelvis_tilt.KV  	0.31494313	0.31495177	1.2499264e-05	
S00011.glut_max-pelvis_tilt.C0  	0.1675082	0.1675083	1.6464126e-05	
S00011.iliopsoas-pelvis_tilt.KP 	-3.4408125	-3.4407886	0.00033192938	
S00011.iliopsoas-pelvis_tilt.KV 	-0.55004397	-0.5500778	1.7385463e-05	
S00011.iliopsoas-pelvis_tilt.C0 	0.32489917	0.32493783	2.8148783e-05	
S00100.iliopsoas.C0             	0.33209777	0.33212195	1.8764213e-05	
S00100.glut_max.C0              	-0.02450181	-0.024481249	1.1564624e-05	
S11000.iliopsoas.KL             	0.57200881	0.57200319	1.8663579e-05	
S11000.iliopsoas.L0             	0.38008237	0.38009888	1.6122589e-05	
S11000.iliopsoas-pelvis_tilt.P0 	-0.043111002	-0.043116442	1.178031e-05	
S11000.iliopsoas-pelvis_tilt.KP 	0.011455094	0.011399864	2.5526723e-05	
S11000.iliopsoas-pelvis_tilt.KV 	0.13788363	0.13789711	1.9691367e-05	
S11000.iliopsoas-hamstrings.KL  	-8.3083034	-8.309805	0.00073606707	
S11000.iliopsoas-hamstrings.L0  	1.1746603	1.1746398	1.1512789e-05	
S11000.hamstrings.KF            	0.56613819	0.56613287	1.1059202e-05	
S11000.glut_max.KF              	0.62147577	0.62149425	1.28549e-05	
