pelvis_tilt.offset              	0.020310305	0.020312152	5.7622914e-06	
hip_flexion_r.offset            	0.070437038	0.070443561	5.2847228e-06	
knee_angle_r.offset             	-0.0022383142	-0.002238107	5.3804632e-06	
ankle_angle_r.offset            	-0.061068488	-0.061068338	8.5577412e-06	
hip_flexion_l.offset            	-0.013711488	-0.013703538	1.1535354e-05	
knee_angle_l.offset             	0.053741678	0.053738529	9.3213726e-06	
ankle_angle_l.offset            	0.18492806	0.18492372	9.7092135e-06	
stance_load_threshold           	0.15094897	0.15094344	9.0495889e-06	
S00111.tib_ant.KL               	1.2134488	1.2134282	0.00015772056	
S00111.tib_ant.L0               	0.75976411	0.75974605	1.7147078e-05	
S00111.tib_ant.KS               	0.00015993066	0.00015896655	5.784462e-07	
S11000.tib_ant.KL               	1.2117279	1.2116814	9.1145989e-05	
S11000.tib_ant.L0               	0.72027395	0.72028185	1.7253682e-05	
S11000.tib_ant.KS               	0.035653293	0.035652817	7.9873698e-06	
S11111.tib_ant-soleus.KF        	-0.114403	-0.11442178	1.5112252e-05	
S00111.soleus-tib_ant.KS        	-0.83256707	-0.83250984	0.00014298482	
S00111.gastroc-tib_ant.KS       	-0.32215574	-0.32213512	4.9384282e-05	
S11000.soleus-tib_ant.KS        	-3.3078468	-3.3078796	0.00019527876	
S11000.gastroc-tib_ant.KS       	-1.7002071	-1.7001376	0.00017192573	
S00111.tib_ant-soleus.KS        	-0.0034019503	-0.003388261	2.0373848e-05	
S00111.tib_ant-gastroc.KS       	-0.0036624767	-0.0036371141	2.4530877e-05	
S11000.tib_ant-soleus.KS        	-0.0033285688	-0.0033509253	2.2282593e-05	
S11000.tib_ant-gastroc.KS       	-0.0035786148	-0.0035833173	2.3751539e-05	
S00111.soleus.KL                	3.9999251	3.9999377	0.00013819694	
S00111.soleus.L0                	0.96126687	0.96131357	2.6092231e-05	
S00111.soleus.KF                	0.22726251	0.22727055	1.1298053e-05	
S00111.soleus.KS                	0.16104329	0.16108005	6.6317905e-05	
S00111.gastroc.KL               	0.082297132	0.082393615	6.0990181e-05	
S00111.gastroc.L0               	0.79975423	0.79978834	6.3113398e-05	
S00111.gastroc.KF               	1.4089018	1.408903	8.5831269e-06	
S00111.gastroc.KS               	0.177347	0.17733666	1.9182268e-05	
S11000.soleus.KL                	0.79969407	0.79939708	0.00025723591	
S11000.soleus.L0                	0.89989395	0.89992758	7.1221745e-05	
S11000.soleus.KF                	-0.89794757	-0.89799659	0.00027053747	
S11000.soleus.KS                	0.10598955	0.1058727	0.00012105005	
S11000.gastroc.KL               	0.0084907044	0.008470336	2.2735063e-05	
S11000.gastroc.L0               	0.54055475	0.5406283	6.9240442e-05	
S11000.gastroc.KF               	-1.7438185	-1.7436612	0.00016265468	
S11000.gastroc.KS               	0.26958305	0.26978865	0.00012527735	
S00011.vasti.KF                 	0.82853456	0.82853666	3.1612102e-05	
S00011.vasti.C0                 	0.082060665	0.082062393	5.48885e-06	
S00011.vasti-knee_angle.pos_max 	-0.32047144	-0.32045325	1.49083e-05	
S00011.hamstrings-pelvis_tilt.KP	0.74079899	0.74077552	0.00010225695	
S00011.hamstrings-pelvis_tilt.KV	0.56976878	0.56976808	7.7148162e-06	
S00011.hamstrings-pelvis_tilt.C0	0.027368899	0.027368848	9.4370905e-06	
S00011.glut_max-pelvis_tilt.KP  	1.5306273	1.5305764	0.00014419124	
S00011.glut_max-pelvis_tilt.KV  	0.31423988	0.31423057	8.4061544e-06	
S00011.glut_max-pelvis_tilt.C0  	0.16521779	0.16523334	1.3198015e-05	
S00011.iliopsoas-pelvis_tilt.KP 	-3.437223	-3.4370483	0.00021565372	
S00011.iliopsoas-pelvis_tilt.KV 	-0.54894959	-0.54896124	9.2006349e-06	
S00011.iliopsoas-pelvis_tilt.C0 	0.32604132	0.32603352	1.886194e-05	
S00100.iliopsoas.C0             	0.33214481	0.33216493	1.1276912e-05	
S00100.glut_max.C0              	-0.023890824	-0.023891554	7.8233822e-06	
S11000.iliopsoas.KL             	0.57309111	0.57308589	1.0829435e-05	
S11000.iliopsoas.L0             	0.38002092	0.38003129	1.1212502e-05	
S11000.iliopsoas-pelvis_tilt.P0 	-0.042625202	-0.042625895	6.7466884e-06	
S11000.iliopsoas-pelvis_tilt.KP 	0.011793958	0.011808043	1.7851379e-05	
S11000.iliopsoas-pelvis_tilt.KV 	0.14324169	0.14323687	1.145545e-05	
S11000.iliopsoas-hamstrings.KL  	-8.2837043	-8.2834153	0.00038812118	
S11000.iliopsoas-hamstrings.L0  	1.1729268	1.1729234	7.0386155e-06	
S11000.hamstrings.KF            	0.56794301	0.56793072	7.7503684e-06	
S11000.glut_max.KF              	0.62265874	0.62267317	8.2518177e-06	
