pelvis_tilt.offset              	0.019688516	0.019673336	8.0953652e-06	
hip_flexion_r.offset            	0.070577106	0.070557543	1.2455125e-05	
knee_angle_r.offset             	-0.0016067492	-0.001612996	1.8952167e-05	
ankle_angle_r.offset            	-0.060342955	-0.060360226	2.5965236e-05	
hip_flexion_l.offset            	-0.010940754	-0.010932134	3.6711177e-05	
knee_angle_l.offset             	0.051647821	0.05168053	3.8410875e-05	
ankle_angle_l.offset            	0.18224493	0.18217984	4.3326552e-05	
stance_load_threshold           	0.15869562	0.15871414	3.8131309e-05	
S00111.tib_ant.KL               	1.1876676	1.1883426	0.00035675297	
S00111.tib_ant.L0               	0.75272221	0.75269289	3.8794522e-05	
S00111.tib_ant.KS               	0.00016814467	0.00016865627	4.7828903e-07	
S11000.tib_ant.KL               	1.1892013	1.1896051	0.0002766269	
S11000.tib_ant.L0               	0.71655702	0.71645898	4.0689682e-05	
S11000.tib_ant.KS               	0.034055112	0.034089096	3.2183865e-05	
S11111.tib_ant-soleus.KF        	-0.11434342	-0.11440368	4.1131646e-05	
S00111.soleus-tib_ant.KS        	-0.84393699	-0.84365035	0.00018161475	
S00111.gastroc-tib_ant.KS       	-0.32380156	-0.32367554	7.4038005e-05	
S11000.soleus-tib_ant.KS        	-3.248171	-3.2480199	0.0006140125	
S11000.gastroc-tib_ant.KS       	-1.723324	-1.7232321	0.00064344917	
S00111.tib_ant-soleus.KS        	-0.0034512718	-0.0034426945	9.736832e-06	
S00111.tib_ant-gastroc.KS       	-0.003751572	-0.0037249964	1.2841199e-05	
S11000.tib_ant-soleus.KS        	-0.0033291544	-0.0033360452	1.017137e-05	
S11000.tib_ant-gastroc.KS       	-0.003574841	-0.0035992441	1.145355e-05	
S00111.soleus.KL                	4.0506371	4.0510467	0.00050781222	
S00111.soleus.L0                	0.96022475	0.9602427	2.5555921e-05	
S00111.soleus.KF                	0.22319961	0.22319689	3.9050549e-05	
S00111.soleus.KS                	0.15568635	0.1556888	8.2732806e-05	
S00111.gastroc.KL               	0.082255897	0.082339121	0.00010738264	
S00111.gastroc.L0               	0.79790179	0.79787993	0.00015528721	
S00111.gastroc.KF               	1.4050403	1.4049969	2.7308225e-05	
S00111.gastroc.KS               	0.17709607	0.17713687	2.2137906e-05	
S11000.soleus.KL                	0.78481233	0.78511907	0.00076176534	
S11000.soleus.L0                	0.90454333	0.90464343	0.00023830784	
S11000.soleus.KF                	-0.90514849	-0.9046517	0.00071007129	
S11000.soleus.KS                	0.10647767	0.10685521	0.00024806862	
S11000.gastroc.KL               	0.0084746115	0.0084597664	2.3300879e-05	
S11000.gastroc.L0               	0.52463507	0.52426238	0.00025257842	
S11000.gastroc.KF               	-1.7751567	-1.7760493	0.00053108862	
S11000.gastroc.KS               	0.266201	0.2663705	0.00039001473	
S00011.vasti.KF                 	0.8282343	0.82822308	4.2328811e-05	
S00011.vasti.C0                 	0.083173284	0.083174466	7.5588879e-06	
S00011.vasti-knee_angle.pos_max 	-0.32052454	-0.32051754	2.3018656e-05	
S00011.hamstrings-pelvis_tilt.KP	0.74105646	0.74117342	0.00014605737	
S00011.hamstrings-pelvis_tilt.KV	0.57008453	0.57010345	2.8535824e-05	
S00011.hamstrings-pelvis_tilt.C0	0.027636454	0.027598607	2.1949096e-05	
S00011.glut_max-pelvis_tilt.KP  	1.5678933	1.5676705	0.00046075289	
S00011.glut_max-pelvis_tilt.KV  	0.31571139	0.31571399	2.63095e-05	
S00011.glut_max-pelvis_tilt.C0  	0.16637966	0.16642161	3.3822825e-05	
S00011.iliopsoas-pelvis_tilt.KP 	-3.4899013	-3.4907234	0.0006454455	
S00011.iliopsoas-pelvis_tilt.KV 	-0.55299871	-0.55298126	3.6466419e-05	
S00011.iliopsoas-pelvis_tilt.C0 	0.32841464	0.32842174	3.9078249e-05	
S00100.iliopsoas.C0             	0.32817326	0.32812557	3.8740517e-05	
S00100.glut_max.C0              	-0.024210833	-0.024202721	2.3916125e-05	
S11000.iliopsoas.KL             	0.56721092	0.56720521	3.8050981e-05	
S11000.iliopsoas.L0             	0.37266257	0.37267233	3.256469e-05	
S11000.iliopsoas-pelvis_tilt.P0 	-0.046057677	-0.046027914	2.587004e-05	
S11000.iliopsoas-pelvis_tilt.KP 	0.011917721	0.011886057	3.3723621e-05	
S11000.iliopsoas-pelvis_tilt.KV 	0.13785558	0.13784446	2.2949182e-05	
S11000.iliopsoas-hamstrings.KL  	-8.4438472	-8.4438237	0.0014866549	
S11000.iliopsoas-hamstrings.L0  	1.1767898	1.1767763	1.6059545e-05	
S11000.hamstrings.KF            	0.56099428	0.56099915	1.9266121e-05	
S11000.glut_max.KF              	0.62075716	0.62072902	2.5441962e-05	
