pelvis_tilt.offset              	0.023064221	0.023062934	2.713459e-06	
hip_flexion_r.offset            	0.06984025	0.069838157	2.4783249e-06	
knee_angle_r.offset             	9.2165363e-05	9.3520743e-05	2.5662939e-06	
ankle_angle_r.offset            	-0.06001928	-0.060017945	3.4913907e-06	
hip_flexion_l.offset            	-0.013558056	-0.013552262	5.1051099e-06	
knee_angle_l.offset             	0.056445338	0.056454208	4.0716992e-06	
ankle_angle_l.offset            	0.18441072	0.18440529	3.8163564e-06	
stance_load_threshold           	0.15165042	0.15165523	3.9624624e-06	
S00111.tib_ant.KL               	1.2506331	1.2506015	6.9521503e-05	
S00111.tib_ant.L0               	0.76148765	0.76148222	7.8036028e-06	
S00111.tib_ant.KS               	0.00016539127	0.00016618564	8.6263103e-07	
S11000.tib_ant.KL               	1.2357126	1.2357233	3.9016844e-05	
S11000.tib_ant.L0               	0.72960651	0.72960582	6.4302818e-06	
S11000.tib_ant.KS               	0.035311647	0.03531769	3.369337e-06	
S11111.tib_ant-soleus.KF        	-0.10964856	-0.10965562	6.0682678e-06	
S00111.soleus-tib_ant.KS        	-0.86427046	-0.86427332	7.1330345e-05	
S00111.gastroc-tib_ant.KS       	-0.32496892	-0.3250046	4.2677661e-05	
S11000.soleus-tib_ant.KS        	-3.3457699	-3.3456932	8.577073e-05	
S11000.gastroc-tib_ant.KS       	-1.6682794	-1.6682704	7.1462241e-05	
S00111.tib_ant-soleus.KS        	-0.0032265905	-0.0032424478	5.8694377e-05	
S00111.tib_ant-gastroc.KS       	-0.0037873585	-0.0038123	6.2440019e-05	
S11000.tib_ant-soleus.KS        	-0.0033376436	-0.0032896447	6.0933069e-05	
S11000.tib_ant-gastroc.KS       	-0.0035758092	-0.0035506642	6.1650395e-05	
S00111.soleus.KL                	4.011415	4.0114046	5.8859603e-05	
S00111.soleus.L0                	0.95836168	0.95836134	1.4585001e-05	
S00111.soleus.KF                	0.22888992	0.22889434	4.8545814e-06	
S00111.soleus.KS                	0.15366452	0.15367852	3.8629563e-05	
S00111.gastroc.KL               	0.082647044	0.082654615	4.8755147e-05	
S00111.gastroc.L0               	0.81461389	0.81465685	2.814753e-05	
S00111.gastroc.KF               	1.4081638	1.4081579	3.6046522e-06	
S00111.gastroc.KS               	0.17709584	0.17711467	2.0483053e-05	
S11000.soleus.KL                	0.80281207	0.80285555	0.00012906086	
S11000.soleus.L0                	0.89520862	0.89519662	3.2081334e-05	
S11000.soleus.KF                	-0.89439769	-0.89450986	0.00011658414	
S11000.soleus.KS                	0.10297326	0.10290868	7.6406552e-05	
S11000.gastroc.KL               	0.0084707975	0.0084380174	2.3516904e-05	
S11000.gastroc.L0               	0.51661266	0.51663336	3.0730506e-05	
S11000.gastroc.KF               	-1.783394	-1.7832527	6.7611393e-05	
S11000.gastroc.KS               	0.26913937	0.26910361	6.1412992e-05	
S00011.vasti.KF                 	0.82979738	0.82979791	1.481364e-05	
S00011.vasti.C0                 	0.083024781	0.083028779	2.9958949e-06	
S00011.vasti-knee_angle.pos_max 	-0.30429086	-0.30429436	6.2916293e-06	
S00011.hamstrings-pelvis_tilt.KP	0.73826941	0.73822486	6.2122877e-05	
S00011.hamstrings-pelvis_tilt.KV	0.56857452	0.56858195	3.1489925e-06	
S00011.hamstrings-pelvis_tilt.C0	0.027718501	0.027721384	5.9250284e-06	
S00011.glut_max-pelvis_tilt.KP  	1.4380455	1.4379914	5.7406677e-05	
S00011.glut_max-pelvis_tilt.KV  	0.31541549	0.31541348	3.2359502e-06	
S00011.glut_max-pelvis_tilt.C0  	0.16150043	0.16150284	5.2354207e-06	
S00011.iliopsoas-pelvis_tilt.KP 	-3.3754739	-3.3755528	8.1526717e-05	
S00011.iliopsoas-pelvis_tilt.KV 	-0.54318506	-0.5431883	4.0920467e-06	
S00011.iliopsoas-pelvis_tilt.C0 	0.31690523	0.31690022	8.353356e-06	
S00100.iliopsoas.C0             	0.33700673	0.33701285	4.7607661e-06	
S00100.glut_max.C0              	-0.02431454	-0.024319245	3.519618e-06	
S11000.iliopsoas.KL             	0.56574022	0.56573498	4.3807871e-06	
S11000.iliopsoas.L0             	0.39066707	0.39066902	4.5110718e-06	
S11000.iliopsoas-pelvis_tilt.P0 	-0.042652128	-0.042655931	3.2880195e-06	
S11000.iliopsoas-pelvis_tilt.KP 	0.011361509	0.01135303	1.490945e-05	
S11000.iliopsoas-pelvis_tilt.KV 	0.14514831	0.14514321	4.3033686e-06	
S11000.iliopsoas-hamstrings.KL  	-8.1173744	-8.1172198	0.0001533792	
S11000.iliopsoas-hamstrings.L0  	1.1710369	1.171039	3.2866306e-06	
S11000.hamstrings.KF            	0.57540799	0.57540635	3.2344238e-06	
S11000.glut_max.KF              	0.6217066	0.6217041	3.7405165e-06	
