pelvis_tilt.offset              	0.020347304	0.020345182	3.1606458e-06	
hip_flexion_r.offset            	0.069649796	0.069646647	3.7841197e-06	
knee_angle_r.offset             	-0.0015212995	-0.0015274095	4.7810117e-06	
ankle_angle_r.offset            	-0.061052111	-0.061034217	7.9501014e-06	
hip_flexion_l.offset            	-0.012597804	-0.012587761	1.207173e-05	
knee_angle_l.offset             	0.050157434	0.05015379	1.1963911e-05	
ankle_angle_l.offset            	0.18026719	0.18027001	1.2243582e-05	
stance_load_threshold           	0.15252617	0.15253021	9.8807489e-06	
S00111.tib_ant.KL               	1.2042366	1.204234	0.00012719434	
S00111.tib_ant.L0               	0.75710078	0.75712935	1.3474992e-05	
S00111.tib_ant.KS               	0.00016374939	0.00016400307	2.2911259e-07	
S11000.tib_ant.KL               	1.2216206	1.22145	7.6936181e-05	
S11000.tib_ant.L0               	0.71936245	0.71936383	1.4173362e-05	
S11000.tib_ant.KS               	0.034255621	0.034257031	9.3092393e-06	
S11111.tib_ant-soleus.KF        	-0.11490516	-0.11491508	1.2839124e-05	
S00111.soleus-tib_ant.KS        	-0.83571055	-0.83566533	7.2153036e-05	
S00111.gastroc-tib_ant.KS       	-0.32426353	-0.32428369	2.7528488e-05	
S11000.soleus-tib_ant.KS        	-3.2784404	-3.278636	0.00018450424	
S11000.gastroc-tib_ant.KS       	-1.7128308	-1.712907	0.00022812765	
S00111.tib_ant-soleus.KS        	-0.0033084809	-0.0033144523	5.6599027e-06	
S00111.tib_ant-gastroc.KS       	-0.0037412418	-0.0037510651	5.9365932e-06	
S11000.tib_ant-soleus.KS        	-0.0032951724	-0.0032898743	5.1648634e-06	
S11000.tib_ant-gastroc.KS       	-0.0034975054	-0.0035026626	5.5988949e-06	
S00111.soleus.KL                	4.0340365	4.0340517	0.00015908655	
S00111.soleus.L0                	0.95928313	0.95927516	1.1485173e-05	
S00111.soleus.KF                	0.22566716	0.22564746	1.2592684e-05	
S00111.soleus.KS                	0.1516591	0.15161478	3.3801043e-05	
S00111.gastroc.KL               	0.080866583	0.080815811	4.4292591e-05	
S00111.gastroc.L0               	0.79706725	0.79712275	5.3206169e-05	
S00111.gastroc.KF               	1.4077835	1.4077889	7.0911353e-06	
S00111.gastroc.KS               	0.17709302	0.17710657	8.6546162e-06	
S11000.soleus.KL                	0.8116792	0.81182657	0.00022355227	
S11000.soleus.L0                	0.90537848	0.90533317	6.9453306e-05	
S11000.soleus.KF                	-0.87452699	-0.87426867	0.00023898511	
S11000.soleus.KS                	0.10862151	0.10866546	9.6448838e-05	
S11000.gastroc.KL               	0.0086209712	0.0086044893	1.2528154e-05	
S11000.gastroc.L0               	0.53683861	0.53691836	7.6179406e-05	
S11000.gastroc.KF               	-1.7811185	-1.7811829	0.00015141237	
S11000.gastroc.KS               	0.26897875	0.26898622	0.00011998447	
S00011.vasti.KF                 	0.82944141	0.82942766	1.7746749e-05	
S00011.vasti.C0                 	0.082240822	0.08223492	2.7339804e-06	
S00011.vasti-knee_angle.pos_max 	-0.32060511	-0.32061378	1.0272821e-05	
S00011.hamstrings-pelvis_tilt.KP	0.74127664	0.74116767	6.2397039e-05	
S00011.hamstrings-pelvis_tilt.KV	0.56976858	0.56977239	6.8869707e-06	
S00011.hamstrings-pelvis_tilt.C0	0.027573429	0.027566288	8.4129254e-06	
S00011.glut_max-pelvis_tilt.KP  	1.5610727	1.5609428	0.00015379422	
S00011.glut_max-pelvis_tilt.KV  	0.31400618	0.31400515	7.6032106e-06	
S00011.glut_max-pelvis_tilt.C0  	0.16736393	0.16738244	9.7571923e-06	
S00011.iliopsoas-pelvis_tilt.KP 	-3.4720104	-3.4720862	0.00020148415	
S00011.iliopsoas-pelvis_tilt.KV 	-0.55113641	-0.55114284	1.0418739e-05	
S00011.iliopsoas-pelvis_tilt.C0 	0.32509506	0.32509273	1.3113102e-05	
S00100.iliopsoas.C0             	0.33154588	0.33154818	1.1827813e-05	
S00100.glut_max.C0              	-0.024448274	-0.024435097	7.1823545e-06	
S11000.iliopsoas.KL             	0.57112756	0.57113679	1.1931205e-05	
S11000.iliopsoas.L0             	0.37879286	0.37880205	1.0007501e-05	
S11000.iliopsoas-pelvis_tilt.P0 	-0.043775997	-0.043771588	8.1638193e-06	
S11000.iliopsoas-pelvis_tilt.KP 	0.010941178	0.010923248	1.3627498e-05	
S11000.iliopsoas-pelvis_tilt.KV 	0.1378458	0.13785172	9.8597598e-06	
S11000.iliopsoas-hamstrings.KL  	-8.2274201	-8.2272718	0.00044010304	
S11000.iliopsoas-hamstrings.L0  	1.1749643	1.1749631	5.9663929e-06	
S11000.hamstrings.KF            	0.56511664	0.56511554	6.3868194e-06	
S11000.glut_max.KF              	0.62154584	0.6215425	7.7678592e-06	
