pelvis_tilt.offset              	0.02721717	0.027243058	1.5036616e-05	
hip_flexion_r.offset            	0.085626245	0.085609388	2.2665866e-05	
knee_angle_r.offset             	-0.012711529	-0.0127249	3.1528802e-05	
ankle_angle_r.offset            	-0.034452857	-0.034491693	4.5600773e-05	
hip_flexion_l.offset            	0.016485115	0.016577514	6.2400016e-05	
knee_angle_l.offset             	0.058747444	0.058706629	2.7994867e-05	
ankle_angle_l.offset            	0.18852581	0.18851211	2.5421338e-05	
stance_load_threshold           	0.14595981	0.14592149	2.8779824e-05	
S00111.tib_ant.KL               	1.2560958	1.2555696	0.00054527213	
S00111.tib_ant.L0               	0.74127353	0.74123917	4.2436883e-05	
S00111.tib_ant.KS               	0.00016025911	0.00016155216	7.261486e-07	
S11000.tib_ant.KL               	1.256203	1.256008	0.00027163291	
S11000.tib_ant.L0               	0.72291017	0.72283189	5.0209452e-05	
S11000.tib_ant.KS               	0.035203496	0.035209569	2.4578713e-05	
S11111.tib_ant-soleus.KF        	-0.11450694	-0.1144843	4.0896205e-05	
S00111.soleus-tib_ant.KS        	-0.84749323	-0.847735	0.00029244862	
S00111.gastroc-tib_ant.KS       	-0.32424398	-0.32418112	0.00012684095	
S11000.soleus-tib_ant.KS        	-3.1248608	-3.1250175	0.00066816893	
S11000.gastroc-tib_ant.KS       	-1.7022566	-1.7019625	0.00052061125	
S00111.tib_ant-soleus.KS        	-0.0034424794	-0.00343478	1.6207427e-05	
S00111.tib_ant-gastroc.KS       	-0.003765595	-0.0037523862	1.955218e-05	
S11000.tib_ant-soleus.KS        	-0.0033489692	-0.003326333	1.8232753e-05	
S11000.tib_ant-gastroc.KS       	-0.0033382997	-0.0033657448	1.8808576e-05	
S00111.soleus.KL                	4.1198429	4.1204414	0.00045681435	
S00111.soleus.L0                	0.97192757	0.97194801	5.8971644e-05	
S00111.soleus.KF                	0.22382905	0.22380958	4.837688e-05	
S00111.soleus.KS                	0.15149497	0.15165295	0.00016932779	
S00111.gastroc.KL               	0.080811063	0.080875137	0.00018517894	
S00111.gastroc.L0               	0.85954681	0.85976369	0.00021198253	
S00111.gastroc.KF               	1.4153583	1.4153076	2.9166375e-05	
S00111.gastroc.KS               	0.1713831	0.1712943	6.5941817e-05	
S11000.soleus.KL                	0.84081682	0.84035017	0.00072343155	
S11000.soleus.L0                	0.89287581	0.89273437	0.00020172012	
S11000.soleus.KF                	-0.88265714	-0.88322538	0.00077884795	
S11000.soleus.KS                	0.11161332	0.11156034	0.00027784945	
S11000.gastroc.KL               	0.0089282966	0.0088989369	3.5101196e-05	
S11000.gastroc.L0               	0.52224526	0.52231985	0.0001944658	
S11000.gastroc.KF               	-1.8447522	-1.8454728	0.00059895539	
S11000.gastroc.KS               	0.27033243	0.2697435	0.00029146781	
S00011.vasti.KF                 	0.80870146	0.80857219	7.3563074e-05	
S00011.vasti.C0                 	0.079993555	0.079984825	9.1991848e-06	
S00011.vasti-knee_angle.pos_max 	-0.29232814	-0.2923588	4.0445286e-05	
S00011.hamstrings-pelvis_tilt.KP	0.67213339	0.67230504	0.00019157762	
S00011.hamstrings-pelvis_tilt.KV	0.57549575	0.57551064	2.913192e-05	
S00011.hamstrings-pelvis_tilt.C0	0.026469154	0.026391346	3.5223643e-05	
S00011.glut_max-pelvis_tilt.KP  	1.4330013	1.4325673	0.0003161168	
S00011.glut_max-pelvis_tilt.KV  	0.31214733	0.3121747	2.4042214e-05	
S00011.glut_max-pelvis_tilt.C0  	0.15214985	0.15212692	4.5547234e-05	
S00011.iliopsoas-pelvis_tilt.KP 	-3.3226828	-3.322751	0.00030350053	
S00011.iliopsoas-pelvis_tilt.KV 	-0.55889279	-0.55889287	3.7459991e-05	
S00011.iliopsoas-pelvis_tilt.C0 	0.34285672	0.34287967	5.1012555e-05	
S00100.iliopsoas.C0             	0.34513471	0.3451163	3.5598696e-05	
S00100.glut_max.C0              	-0.024169326	-0.024140626	2.3186128e-05	
S11000.iliopsoas.KL             	0.55836802	0.55837323	3.0315218e-05	
S11000.iliopsoas.L0             	0.39670827	0.39670767	3.1248508e-05	
S11000.iliopsoas-pelvis_tilt.P0 	-0.043407077	-0.043417492	2.2795442e-05	
S11000.iliopsoas-pelvis_tilt.KP 	0.011740979	0.011708203	3.6392671e-05	
S11000.iliopsoas-pelvis_tilt.KV 	0.15154807	0.15158015	3.3073998e-05	
S11000.iliopsoas-hamstrings.KL  	-8.2485566	-8.2484722	0.0011052586	
S11000.iliopsoas-hamstrings.L0  	1.1630703	1.1630828	1.9847091e-05	
S11000.hamstrings.KF            	0.57491916	0.57491077	2.7886753e-05	
S11000.glut_max.KF              	0.61883814	0.61885425	3.0052558e-05	
