pelvis_tilt.offset              	0.042113278	0.042144135	2.1664431e-05	
hip_flexion_r.offset            	0.12948865	0.12953496	3.47068e-05	
knee_angle_r.offset             	-0.00081087716	-0.00082959843	4.2186548e-05	
ankle_angle_r.offset            	0.090053742	0.090030638	0.00010177292	
hip_flexion_l.offset            	-0.017307857	-0.017358691	0.00010682154	
knee_angle_l.offset             	0.0552341	0.05518874	6.6243305e-05	
ankle_angle_l.offset            	0.19847601	0.19849724	7.5576378e-05	
stance_load_threshold           	0.14549567	0.14553016	5.9378098e-05	
S00111.tib_ant.KL               	1.2525238	1.2506593	0.0010937881	
S00111.tib_ant.L0               	0.73187545	0.73182747	5.2703672e-05	
S00111.tib_ant.KS               	0.00016695205	0.00016679632	3.9146982e-07	
S11000.tib_ant.KL               	1.1842371	1.1848499	0.00087850961	
S11000.tib_ant.L0               	0.70316093	0.70314615	6.9810129e-05	
S11000.tib_ant.KS               	0.035877972	0.035873174	4.8744416e-05	
S11111.tib_ant-soleus.KF        	-0.10959692	-0.10961691	0.0001098091	
S00111.soleus-tib_ant.KS        	-0.84381193	-0.84392488	0.00042937623	
S00111.gastroc-tib_ant.KS       	-0.32437587	-0.32449795	9.4256258e-05	
S11000.soleus-tib_ant.KS        	-3.3017523	-3.3014117	0.0018052013	
S11000.gastroc-tib_ant.KS       	-1.7585021	-1.7597788	0.0013415315	
S00111.tib_ant-soleus.KS        	-0.003344965	-0.0033449461	7.0548734e-06	
S00111.tib_ant-gastroc.KS       	-0.0036255082	-0.0036370571	7.6458281e-06	
S11000.tib_ant-soleus.KS        	-0.0033466013	-0.0033495506	7.1956941e-06	
S11000.tib_ant-gastroc.KS       	-0.0035544169	-0.0035582145	7.9187935e-06	
S00111.soleus.KL                	4.0301584	4.0287874	0.001463197	
S00111.soleus.L0                	0.98856832	0.98861354	6.8988584e-05	
S00111.soleus.KF                	0.21995468	0.22007373	0.00013013877	
S00111.soleus.KS                	0.1609157	0.16100147	0.00016242434	
S00111.gastroc.KL               	0.08260796	0.082472175	0.00015235245	
S00111.gastroc.L0               	0.84967264	0.84915662	0.00052701328	
S00111.gastroc.KF               	1.4445227	1.4443804	8.5453492e-05	
S00111.gastroc.KS               	0.1650493	0.16506689	5.7400664e-05	
S11000.soleus.KL                	0.81386338	0.81567874	0.0010697709	
S11000.soleus.L0                	0.89344565	0.89349123	0.00059398352	
S11000.soleus.KF                	-0.89517989	-0.89619811	0.0013426361	
S11000.soleus.KS                	0.1093183	0.10880367	0.00024755522	
S11000.gastroc.KL               	0.008794484	0.0087929441	1.917529e-05	
S11000.gastroc.L0               	0.52199657	0.52213299	0.0004673422	
S11000.gastroc.KF               	-1.8204614	-1.8193204	0.001380925	
S11000.gastroc.KS               	0.2672655	0.26720328	0.00039005509	
S00011.vasti.KF                 	0.78068968	0.78077434	8.315835e-05	
S00011.vasti.C0                 	0.080000183	0.080006173	1.0185438e-05	
S00011.vasti-knee_angle.pos_max 	-0.32021103	-0.3202169	3.659655e-05	
S00011.hamstrings-pelvis_tilt.KP	0.7130441	0.71304225	0.00030579775	
S00011.hamstrings-pelvis_tilt.KV	0.57553514	0.57562114	7.2692607e-05	
S00011.hamstrings-pelvis_tilt.C0	0.026172644	0.026180094	2.8453743e-05	
S00011.glut_max-pelvis_tilt.KP  	1.5239676	1.5232491	0.00045627109	
S00011.glut_max-pelvis_tilt.KV  	0.32252889	0.32251491	7.4816855e-05	
S00011.glut_max-pelvis_tilt.C0  	0.15193469	0.15197847	5.5022965e-05	
S00011.iliopsoas-pelvis_tilt.KP 	-3.3232559	-3.3231538	0.00053766558	
S00011.iliopsoas-pelvis_tilt.KV 	-0.56265595	-0.56287969	0.00010233483	
S00011.iliopsoas-pelvis_tilt.C0 	0.34492561	0.34483806	5.9316677e-05	
S00100.iliopsoas.C0             	0.35371321	0.35368533	0.0001043679	
S00100.glut_max.C0              	-0.024183092	-0.024213617	3.6687259e-05	
S11000.iliopsoas.KL             	0.58611879	0.5861685	6.1456622e-05	
S11000.iliopsoas.L0             	0.37527748	0.37531072	5.8114989e-05	
S11000.iliopsoas-pelvis_tilt.P0 	-0.044438887	-0.044548586	5.2924129e-05	
S11000.iliopsoas-pelvis_tilt.KP 	0.011202326	0.011204707	2.3937337e-05	
S11000.iliopsoas-pelvis_tilt.KV 	0.14839763	0.14835539	5.9662051e-05	
S11000.iliopsoas-hamstrings.KL  	-7.9329472	-7.9370536	0.0027169956	
S11000.iliopsoas-hamstrings.L0  	1.1408225	1.1408048	2.0987298e-05	
S11000.hamstrings.KF            	0.56601811	0.56603963	3.0619618e-05	
S11000.glut_max.KF              	0.61670257	0.61679361	0.00010048962	
