pelvis_tilt.offset              	0.039999373	0.040027645	3.1672687e-05	
hip_flexion_r.offset            	0.12740701	0.12731414	5.3114355e-05	
knee_angle_r.offset             	-0.00063907628	-0.00060711437	6.4602207e-05	
ankle_angle_r.offset            	0.093641399	0.093464918	0.0001506019	
hip_flexion_l.offset            	0.0025101615	0.0025077149	0.00015862444	
knee_angle_l.offset             	0.047523891	0.047464929	9.4440915e-05	
ankle_angle_l.offset            	0.18233218	0.18229362	9.7981653e-05	
stance_load_threshold           	0.14620375	0.14623712	8.0790125e-05	
S00111.tib_ant.KL               	1.2584156	1.2595362	0.0017041444	
S00111.tib_ant.L0               	0.72800408	0.72802746	7.854601e-05	
S00111.tib_ant.KS               	0.00015958796	0.00016075696	6.894307e-07	
S11000.tib_ant.KL               	1.2136723	1.2133551	0.001267575	
S11000.tib_ant.L0               	0.70566847	0.7057794	0.00011192603	
S11000.tib_ant.KS               	0.034852605	0.034827757	7.7773968e-05	
S11111.tib_ant-soleus.KF        	-0.10825507	-0.10832588	0.00016541069	
S00111.soleus-tib_ant.KS        	-0.86893597	-0.8678923	0.00065150446	
S00111.gastroc-tib_ant.KS       	-0.32324528	-0.32321103	0.00014455293	
S11000.soleus-tib_ant.KS        	-3.250154	-3.2519472	0.0026536216	
S11000.gastroc-tib_ant.KS       	-1.6152106	-1.6170054	0.0020027589	
S00111.tib_ant-soleus.KS        	-0.0031848443	-0.003169778	1.1692132e-05	
S00111.tib_ant-gastroc.KS       	-0.00391646	-0.0039166786	1.2780443e-05	
S11000.tib_ant-soleus.KS        	-0.0033937047	-0.0033653427	1.2688088e-05	
S11000.tib_ant-gastroc.KS       	-0.0034796256	-0.0034673758	1.3314593e-05	
S00111.soleus.KL                	3.9852765	3.9846018	0.0020247698	
S00111.soleus.L0                	1.0042247	1.0042159	0.00010357594	
S00111.soleus.KF                	0.2270611	0.22691104	0.00017806907	
S00111.soleus.KS                	0.15183168	0.15147778	0.00024083802	
S00111.gastroc.KL               	0.078822586	0.07921368	0.00025940415	
S00111.gastroc.L0               	0.81587556	0.81566988	0.0007647599	
S00111.gastroc.KF               	1.42915	1.4290666	0.00011397096	
S00111.gastroc.KS               	0.16667349	0.16656731	8.7911841e-05	
S11000.soleus.KL                	0.7943901	0.79405675	0.0017076388	
S11000.soleus.L0                	0.86915542	0.86906734	0.00083099439	
S11000.soleus.KF                	-0.93416087	-0.93545617	0.0021060895	
S11000.soleus.KS                	0.10986216	0.10966725	0.00040286542	
S11000.gastroc.KL               	0.0087436789	0.0087259164	3.0448559e-05	
S11000.gastroc.L0               	0.51430746	0.51559763	0.00070067354	
S11000.gastroc.KF               	-1.8463837	-1.8439208	0.0020554506	
S11000.gastroc.KS               	0.26880494	0.26962464	0.00060855186	
S00011.vasti.KF                 	0.80661357	0.80668769	0.0001182571	
S00011.vasti.C0                 	0.081014577	0.081052106	1.5722905e-05	
S00011.vasti-knee_angle.pos_max 	-0.32043896	-0.32032378	5.7131275e-05	
S00011.hamstrings-pelvis_tilt.KP	0.67198177	0.67266552	0.00044278244	
S00011.hamstrings-pelvis_tilt.KV	0.59123975	0.59129064	0.0001000882	
S00011.hamstrings-pelvis_tilt.C0	0.025338024	0.025329768	4.6242292e-05	
S00011.glut_max-pelvis_tilt.KP  	1.4312572	1.431099	0.00066711127	
S00011.glut_max-pelvis_tilt.KV  	0.3192971	0.31937762	0.00011273248	
S00011.glut_max-pelvis_tilt.C0  	0.15171042	0.15176263	7.4882087e-05	
S00011.iliopsoas-pelvis_tilt.KP 	-3.3254463	-3.3244135	0.00083870895	
S00011.iliopsoas-pelvis_tilt.KV 	-0.56702591	-0.56691944	0.00013711656	
S00011.iliopsoas-pelvis_tilt.C0 	0.34760869	0.34752773	8.5985167e-05	
S00100.iliopsoas.C0             	0.33041883	0.33042118	0.00013296268	
S00100.glut_max.C0              	-0.023558693	-0.023620075	5.7259134e-05	
S11000.iliopsoas.KL             	0.58747654	0.58753821	8.8644883e-05	
S11000.iliopsoas.L0             	0.37374266	0.37378524	8.5151553e-05	
S11000.iliopsoas-pelvis_tilt.P0 	-0.043223819	-0.04311256	7.7789065e-05	
S11000.iliopsoas-pelvis_tilt.KP 	0.011491364	0.011463318	3.837323e-05	
S11000.iliopsoas-pelvis_tilt.KV 	0.15192425	0.15194447	8.755236e-05	
S11000.iliopsoas-hamstrings.KL  	-7.8544389	-7.8526669	0.0039568466	
S11000.iliopsoas-hamstrings.L0  	1.1453461	1.1453399	3.0639725e-05	
S11000.hamstrings.KF            	0.56937856	0.56938261	4.2350588e-05	
S11000.glut_max.KF              	0.60569673	0.60564576	0.00014815026	
