pelvis_tilt.offset              	0.023853751	0.023852941	7.2401053e-06	
hip_flexion_r.offset            	0.070325072	0.070327835	6.652236e-06	
knee_angle_r.offset             	-0.0052361732	-0.0052269215	9.9238938e-06	
ankle_angle_r.offset            	-0.053153563	-0.053150979	9.8917855e-06	
hip_flexion_l.offset            	0.001551132	0.0015493108	1.5126488e-05	
knee_angle_l.offset             	0.06106809	0.061066856	1.1054523e-05	
ankle_angle_l.offset            	0.18791522	0.18792129	8.431986e-06	
stance_load_threshold           	0.1520972	0.15210283	9.9917493e-06	
S00111.tib_ant.KL               	1.2678057	1.2680907	0.00016564299	
S00111.tib_ant.L0               	0.76000255	0.76002427	1.9106444e-05	
S00111.tib_ant.KS               	0.00016168052	0.00016209887	1.487167e-06	
S11000.tib_ant.KL               	1.1859615	1.1859495	0.00010104996	
S11000.tib_ant.L0               	0.73321619	0.73321332	1.604992e-05	
S11000.tib_ant.KS               	0.037049613	0.037033072	9.049845e-06	
S11111.tib_ant-soleus.KF        	-0.11319455	-0.1131966	1.6548669e-05	
S00111.soleus-tib_ant.KS        	-0.8487934	-0.8489467	0.00018243814	
S00111.gastroc-tib_ant.KS       	-0.33946195	-0.33950455	0.00013192753	
S11000.soleus-tib_ant.KS        	-3.309517	-3.3095194	0.00023309639	
S11000.gastroc-tib_ant.KS       	-1.7039975	-1.7038535	0.00019626045	
S00111.tib_ant-soleus.KS        	-0.0032870058	-0.0033594318	9.7303375e-05	
S00111.tib_ant-gastroc.KS       	-0.003628615	-0.003747602	9.8865484e-05	
S11000.tib_ant-soleus.KS        	-0.0031794153	-0.0032785743	9.3667834e-05	
S11000.tib_ant-gastroc.KS       	-0.0036166644	-0.0034924286	9.483057e-05	
S00111.soleus.KL                	4.049334	4.0493847	0.00015991254	
S00111.soleus.L0                	0.97052121	0.97055346	3.8652284e-05	
S00111.soleus.KF                	0.22504493	0.22504178	1.5804158e-05	
S00111.soleus.KS                	0.15454679	0.1545218	0.00010840365	
S00111.gastroc.KL               	0.076537503	0.076803422	0.00013677922	
S00111.gastroc.L0               	0.84602591	0.84585126	7.4783402e-05	
S00111.gastroc.KF               	1.409568	1.4095723	9.3770672e-06	
S00111.gastroc.KS               	0.17665939	0.17668575	6.4257198e-05	
S11000.soleus.KL                	0.81882272	0.81857063	0.00034987307	
S11000.soleus.L0                	0.91128788	0.91125411	7.5498743e-05	
S11000.soleus.KF                	-0.87408259	-0.8738908	0.00030662974	
S11000.soleus.KS                	0.10597975	0.10584502	0.00019949081	
S11000.gastroc.KL               	0.0089496468	0.0089740726	5.1021168e-05	
S11000.gastroc.L0               	0.51224514	0.51239138	7.9211089e-05	
S11000.gastroc.KF               	-1.7789558	-1.7791249	0.00019232694	
S11000.gastroc.KS               	0.25855379	0.25875639	0.00014401773	
S00011.vasti.KF                 	0.83254893	0.83257216	4.5251517e-05	
S00011.vasti.C0                 	0.080355348	0.080356452	1.0383376e-05	
S00011.vasti-knee_angle.pos_max 	-0.30146861	-0.30144342	1.5700468e-05	
S00011.hamstrings-pelvis_tilt.KP	0.67399943	0.67406325	0.00013829809	
S00011.hamstrings-pelvis_tilt.KV	0.56553249	0.565526	8.7508242e-06	
S00011.hamstrings-pelvis_tilt.C0	0.026176373	0.026147635	1.7315602e-05	
S00011.glut_max-pelvis_tilt.KP  	1.4865905	1.4865535	0.00012457865	
S00011.glut_max-pelvis_tilt.KV  	0.31336403	0.31335466	7.7901729e-06	
S00011.glut_max-pelvis_tilt.C0  	0.16317838	0.1631842	1.523507e-05	
S00011.iliopsoas-pelvis_tilt.KP 	-3.4777799	-3.4778824	0.0001955652	
S00011.iliopsoas-pelvis_tilt.KV 	-0.54388299	-0.54388754	1.132361e-05	
S00011.iliopsoas-pelvis_tilt.C0 	0.34469312	0.34469703	2.5388794e-05	
S00100.iliopsoas.C0             	0.33678744	0.33676188	1.2431151e-05	
S00100.glut_max.C0              	-0.023778693	-0.023773961	9.2328323e-06	
S11000.iliopsoas.KL             	0.56033168	0.56032341	1.0136389e-05	
S11000.iliopsoas.L0             	0.39341123	0.393425	1.2135235e-05	
S11000.iliopsoas-pelvis_tilt.P0 	-0.042630056	-0.042643759	9.5030288e-06	
S11000.iliopsoas-pelvis_tilt.KP 	0.011799956	0.011750523	3.3329746e-05	
S11000.iliopsoas-pelvis_tilt.KV 	0.14626881	0.14628487	1.1724759e-05	
S11000.iliopsoas-hamstrings.KL  	-8.3513354	-8.3515741	0.00041366075	
S11000.iliopsoas-hamstrings.L0  	1.1650135	1.1649995	8.2951079e-06	
S11000.hamstrings.KF            	0.57736529	0.57736532	8.9895328e-06	
S11000.glut_max.KF              	0.62407182	0.6240555	1.0651315e-05	
