pelvis_tilt.offset              	0.027107156	0.027090975	1.3623304e-05	
hip_flexion_r.offset            	0.077480196	0.07747845	1.6358116e-05	
knee_angle_r.offset             	-0.013910243	-0.013880478	2.784943e-05	
ankle_angle_r.offset            	-0.036246148	-0.036265945	3.6253032e-05	
hip_flexion_l.offset            	0.02158086	0.021662765	5.582145e-05	
knee_angle_l.offset             	0.061872109	0.061871379	2.4467309e-05	
ankle_angle_l.offset            	0.18610657	0.18612817	2.2792415e-05	
stance_load_threshold           	0.14681151	0.1468282	2.5805536e-05	
S00111.tib_ant.KL               	1.2179949	1.217756	0.00046565319	
S00111.tib_ant.L0               	0.74848474	0.74843789	3.8871485e-05	
S00111.tib_ant.KS               	0.000160413	0.00016032784	9.027156e-07	
S11000.tib_ant.KL               	1.2441115	1.2437685	0.00025984077	
S11000.tib_ant.L0               	0.72194427	0.72194806	4.6888614e-05	
S11000.tib_ant.KS               	0.035100519	0.035154777	2.2319113e-05	
S11111.tib_ant-soleus.KF        	-0.11441153	-0.11439834	3.7324292e-05	
S00111.soleus-tib_ant.KS        	-0.84875505	-0.84862986	0.00027869139	
S00111.gastroc-tib_ant.KS       	-0.32798157	-0.3276669	0.00012389176	
S11000.soleus-tib_ant.KS        	-3.1913983	-3.1898843	0.00061678226	
S11000.gastroc-tib_ant.KS       	-1.7451309	-1.7462768	0.00048965952	
S00111.tib_ant-soleus.KS        	-0.0031771187	-0.0031838143	2.3099968e-05	
S00111.tib_ant-gastroc.KS       	-0.0037692246	-0.0037194864	2.6781198e-05	
S11000.tib_ant-soleus.KS        	-0.0033073886	-0.0033318607	2.4375882e-05	
S11000.tib_ant-gastroc.KS       	-0.0034466864	-0.003462553	2.367712e-05	
S00111.soleus.KL                	4.1350697	4.1349469	0.00039366537	
S00111.soleus.L0                	0.96912722	0.96915508	5.841036e-05	
S00111.soleus.KF                	0.22619165	0.2261511	4.2307205e-05	
S00111.soleus.KS                	0.14984142	0.14978898	0.00016254047	
S00111.gastroc.KL               	0.077435427	0.077587352	0.0001921807	
S00111.gastroc.L0               	0.82305443	0.82323919	0.00017412631	
S00111.gastroc.KF               	1.4123689	1.4124002	2.578315e-05	
S00111.gastroc.KS               	0.17648037	0.17649817	6.1827523e-05	
S11000.soleus.KL                	0.82126188	0.82235394	0.00069184838	
S11000.soleus.L0                	0.90329868	0.90357813	0.0001658066	
S11000.soleus.KF                	-0.91811254	-0.91771427	0.00071872784	
S11000.soleus.KS                	0.10883401	0.10868649	0.0002897202	
S11000.gastroc.KL               	0.009018131	0.0090008826	4.4681719e-05	
S11000.gastroc.L0               	0.54291232	0.54272734	0.00017447012	
S11000.gastroc.KF               	-1.8588514	-1.8587055	0.00054163757	
S11000.gastroc.KS               	0.27437974	0.27437817	0.000272115	
S00011.vasti.KF                 	0.81059704	0.81071439	7.1996687e-05	
S00011.vasti.C0                 	0.079983412	0.079993612	9.4074957e-06	
S00011.vasti-knee_angle.pos_max 	-0.29051531	-0.29052087	3.694164e-05	
S00011.hamstrings-pelvis_tilt.KP	0.6728798	0.67282068	0.00018277347	
S00011.hamstrings-pelvis_tilt.KV	0.57017593	0.570124	2.3533928e-05	
S00011.hamstrings-pelvis_tilt.C0	0.026488707	0.026431381	3.6137731e-05	
S00011.glut_max-pelvis_tilt.KP  	1.4233791	1.4231291	0.00027419181	
S00011.glut_max-pelvis_tilt.KV  	0.31067113	0.31067355	2.0641718e-05	
S00011.glut_max-pelvis_tilt.C0  	0.16016012	0.16016706	3.866394e-05	
S00011.iliopsoas-pelvis_tilt.KP 	-3.3205884	-3.3200069	0.00031534611	
S00011.iliopsoas-pelvis_tilt.KV 	-0.54943723	-0.54945705	2.9426138e-05	
S00011.iliopsoas-pelvis_tilt.C0 	0.34697621	0.34695359	4.3715506e-05	
S00100.iliopsoas.C0             	0.34068155	0.34073139	3.1376042e-05	
S00100.glut_max.C0              	-0.025311922	-0.025313129	2.1539833e-05	
S11000.iliopsoas.KL             	0.55804475	0.55807228	2.7029495e-05	
S11000.iliopsoas.L0             	0.39571741	0.39575205	2.6624577e-05	
S11000.iliopsoas-pelvis_tilt.P0 	-0.046241283	-0.046165509	2.1674181e-05	
S11000.iliopsoas-pelvis_tilt.KP 	0.011662392	0.011642937	4.0805587e-05	
S11000.iliopsoas-pelvis_tilt.KV 	0.14714514	0.14714112	2.7431604e-05	
S11000.iliopsoas-hamstrings.KL  	-8.2055166	-8.2061596	0.00098013793	
S11000.iliopsoas-hamstrings.L0  	1.1649595	1.1649774	1.685937e-05	
S11000.hamstrings.KF            	0.58098836	0.58097572	2.3723688e-05	
S11000.glut_max.KF              	0.6192564	0.6192423	2.5215355e-05	
