pelvis_tilt.offset              	0.036379242	0.036368635	2.0930833e-05	
hip_flexion_r.offset            	0.12018762	0.12020512	3.1821687e-05	
knee_angle_r.offset             	-0.00018703805	-0.0001657717	4.7529533e-05	
ankle_angle_r.offset            	0.071223806	0.071155684	9.7452283e-05	
hip_flexion_l.offset            	0.0045866155	0.0046080366	0.00011474406	
knee_angle_l.offset             	0.054775268	0.054779374	5.5759266e-05	
ankle_angle_l.offset            	0.18506495	0.18512031	6.3784828e-05	
stance_load_threshold           	0.14488574	0.14486952	5.3553407e-05	
S00111.tib_ant.KL               	1.2913505	1.2912813	0.00099687224	
S00111.tib_ant.L0               	0.72812912	0.72804709	5.4521101e-05	
S00111.tib_ant.KS               	0.00016435004	0.00016388518	5.2394245e-07	
S11000.tib_ant.KL               	1.2251013	1.2255516	0.0006463265	
S11000.tib_ant.L0               	0.70183383	0.70199815	9.1275779e-05	
S11000.tib_ant.KS               	0.036112719	0.036129018	4.3696571e-05	
S11111.tib_ant-soleus.KF        	-0.11001388	-0.11008133	8.7009437e-05	
S00111.soleus-tib_ant.KS        	-0.87934242	-0.87934771	0.00042448006	
S00111.gastroc-tib_ant.KS       	-0.32333715	-0.32334121	0.00011408624	
S11000.soleus-tib_ant.KS        	-3.3428337	-3.341898	0.0014379242	
S11000.gastroc-tib_ant.KS       	-1.631288	-1.6321303	0.0011710126	
S00111.tib_ant-soleus.KS        	-0.0033482174	-0.0033546914	9.96365e-06	
S00111.tib_ant-gastroc.KS       	-0.0037795498	-0.0037736874	1.1089432e-05	
S11000.tib_ant-soleus.KS        	-0.0033645845	-0.0033762097	1.0502114e-05	
S11000.tib_ant-gastroc.KS       	-0.0035315723	-0.0035121356	1.1694272e-05	
S00111.soleus.KL                	3.9336265	3.9349651	0.0010231368	
S00111.soleus.L0                	0.99759726	0.99767456	7.1488659e-05	
S00111.soleus.KF                	0.22259987	0.22262069	0.00010079132	
S00111.soleus.KS                	0.15155306	0.15148266	0.00018215114	
S00111.gastroc.KL               	0.07931848	0.079357016	0.00016939308	
S00111.gastroc.L0               	0.8116422	0.81120562	0.00042101992	
S00111.gastroc.KF               	1.4307204	1.4306635	6.6433312e-05	
S00111.gastroc.KS               	0.16384735	0.16373752	6.1223668e-05	
S11000.soleus.KL                	0.78232362	0.78286553	0.0011376422	
S11000.soleus.L0                	0.89008234	0.89047572	0.00044917369	
S11000.soleus.KF                	-0.92690991	-0.92609839	0.0012898261	
S11000.soleus.KS                	0.10595142	0.10604886	0.00029121177	
S11000.gastroc.KL               	0.0084732308	0.0084694133	2.3539869e-05	
S11000.gastroc.L0               	0.50446278	0.50441811	0.00045251299	
S11000.gastroc.KF               	-1.7496632	-1.7488143	0.0011363134	
S11000.gastroc.KS               	0.27315873	0.27367957	0.00040588585	
S00011.vasti.KF                 	0.8134039	0.81336399	8.6770641e-05	
S00011.vasti.C0                 	0.081354398	0.081351473	1.0851257e-05	
S00011.vasti-knee_angle.pos_max 	-0.32037663	-0.32036557	4.1675236e-05	
S00011.hamstrings-pelvis_tilt.KP	0.67239455	0.67235617	0.00030176091	
S00011.hamstrings-pelvis_tilt.KV	0.5917343	0.59164505	5.6496454e-05	
S00011.hamstrings-pelvis_tilt.C0	0.025358519	0.025371785	3.5950796e-05	
S00011.glut_max-pelvis_tilt.KP  	1.4205308	1.4212311	0.00050645032	
S00011.glut_max-pelvis_tilt.KV  	0.31604673	0.31612321	5.202334e-05	
S00011.glut_max-pelvis_tilt.C0  	0.15182187	0.15176581	4.9775841e-05	
S00011.iliopsoas-pelvis_tilt.KP 	-3.3204149	-3.3196759	0.00055077819	
S00011.iliopsoas-pelvis_tilt.KV 	-0.56477275	-0.56490344	8.1301455e-05	
S00011.iliopsoas-pelvis_tilt.C0 	0.34824851	0.34818899	6.6312729e-05	
S00100.iliopsoas.C0             	0.32506123	0.32498856	7.053809e-05	
S00100.glut_max.C0              	-0.024446552	-0.02444611	4.03046e-05	
S11000.iliopsoas.KL             	0.58798294	0.58815271	6.6390428e-05	
S11000.iliopsoas.L0             	0.37884941	0.37886456	5.0485595e-05	
S11000.iliopsoas-pelvis_tilt.P0 	-0.043540596	-0.043578657	4.1345978e-05	
S11000.iliopsoas-pelvis_tilt.KP 	0.011008332	0.01102686	3.0334786e-05	
S11000.iliopsoas-pelvis_tilt.KV 	0.15157479	0.15150539	5.794368e-05	
S11000.iliopsoas-hamstrings.KL  	-7.9401357	-7.9447968	0.0024644487	
S11000.iliopsoas-hamstrings.L0  	1.1478676	1.147868	2.5267925e-05	
S11000.hamstrings.KF            	0.56991595	0.56981217	3.3619533e-05	
S11000.glut_max.KF              	0.60617438	0.60624822	8.9734611e-05	
