pelvis_tilt.offset              	0.021040532	0.021035825	5.3956032e-06	
hip_flexion_r.offset            	0.069095361	0.06909599	5.0866329e-06	
knee_angle_r.offset             	0.00068073832	0.00069266191	5.9507481e-06	
ankle_angle_r.offset            	-0.057075578	-0.057077176	7.2997097e-06	
hip_flexion_l.offset            	-0.0060698319	-0.0060723433	1.0501211e-05	
knee_angle_l.offset             	0.056980395	0.056981302	8.4373989e-06	
ankle_angle_l.offset            	0.18786405	0.18786937	7.5654419e-06	
stance_load_threshold           	0.15222794	0.15223521	8.5047268e-06	
S00111.tib_ant.KL               	1.2490618	1.2491778	0.00013817364	
S00111.tib_ant.L0               	0.76388254	0.76390657	1.4685364e-05	
S00111.tib_ant.KS               	0.00016726887	0.00016324019	4.8276391e-06	
S11000.tib_ant.KL               	1.1980322	1.1979688	7.8575272e-05	
S11000.tib_ant.L0               	0.73849955	0.73848471	1.1998478e-05	
S11000.tib_ant.KS               	0.035470343	0.035475109	7.3931486e-06	
S11111.tib_ant-soleus.KF        	-0.11094893	-0.11095197	1.3475995e-05	
S00111.soleus-tib_ant.KS        	-0.85128649	-0.8511411	0.0001602515	
S00111.gastroc-tib_ant.KS       	-0.33885541	-0.33858595	0.00014015856	
S11000.soleus-tib_ant.KS        	-3.2735249	-3.273708	0.00019356988	
S11000.gastroc-tib_ant.KS       	-1.684474	-1.6845476	0.00015524296	
S00111.tib_ant-soleus.KS        	-0.00313515	-0.0033027718	0.00073723738	
S00111.tib_ant-gastroc.KS       	-0.00357534	-0.0037233123	0.00072003454	
S11000.tib_ant-soleus.KS        	-0.00313645	-0.0033474935	0.00070676175	
S11000.tib_ant-gastroc.KS       	-0.00331551	-0.0034380738	0.00070361166	
S00111.soleus.KL                	4.035151	4.0351268	0.00013919647	
S00111.soleus.L0                	0.96807368	0.96803957	3.511092e-05	
S00111.soleus.KF                	0.22846632	0.22846687	1.138643e-05	
S00111.soleus.KS                	0.1572045	0.15718376	0.00010412948	
S00111.gastroc.KL               	0.077732256	0.07771409	0.00015571365	
S00111.gastroc.L0               	0.83813639	0.8382533	6.2258153e-05	
S00111.gastroc.KF               	1.410902	1.4109072	7.7953313e-06	
S00111.gastroc.KS               	0.16854763	0.16861801	6.8237868e-05	
S11000.soleus.KL                	0.79900299	0.79877484	0.0002835081	
S11000.soleus.L0                	0.89933024	0.89927556	5.915153e-05	
S11000.soleus.KF                	-0.91348205	-0.9133454	0.00025888886	
S11000.soleus.KS                	0.10832926	0.10839233	0.00022216467	
S11000.gastroc.KL               	0.0086217769	0.0085738025	0.00011452628	
S11000.gastroc.L0               	0.52395464	0.52398593	6.4591822e-05	
S11000.gastroc.KF               	-1.8158564	-1.8159281	0.00015928656	
S11000.gastroc.KS               	0.2662579	0.26608041	0.00014093518	
S00011.vasti.KF                 	0.81995549	0.81993175	3.3032674e-05	
S00011.vasti.C0                 	0.084046394	0.084057862	7.5974893e-06	
S00011.vasti-knee_angle.pos_max 	-0.30530417	-0.3052737	1.191221e-05	
S00011.hamstrings-pelvis_tilt.KP	0.70725387	0.70725351	0.00013315197	
S00011.hamstrings-pelvis_tilt.KV	0.5667719	0.56678144	6.8326854e-06	
S00011.hamstrings-pelvis_tilt.C0	0.026547089	0.026560142	1.4556469e-05	
S00011.glut_max-pelvis_tilt.KP  	1.4946507	1.4946392	0.00011024847	
S00011.glut_max-pelvis_tilt.KV  	0.31399746	0.31400297	6.7877644e-06	
S00011.glut_max-pelvis_tilt.C0  	0.15964541	0.15966226	1.1291718e-05	
S00011.iliopsoas-pelvis_tilt.KP 	-3.4911315	-3.4909298	0.00018666091	
S00011.iliopsoas-pelvis_tilt.KV 	-0.5434544	-0.5434494	8.4980534e-06	
S00011.iliopsoas-pelvis_tilt.C0 	0.33172486	0.3317204	1.7981202e-05	
S00100.iliopsoas.C0             	0.33779444	0.33778641	1.0161783e-05	
S00100.glut_max.C0              	-0.024659472	-0.024648977	7.5291938e-06	
S11000.iliopsoas.KL             	0.56096434	0.56096513	8.5101494e-06	
S11000.iliopsoas.L0             	0.39097096	0.39096381	9.5791986e-06	
S11000.iliopsoas-pelvis_tilt.P0 	-0.044225834	-0.044238571	7.499911e-06	
S11000.iliopsoas-pelvis_tilt.KP 	0.011214949	0.011174381	4.7482324e-05	
S11000.iliopsoas-pelvis_tilt.KV 	0.14494348	0.14495638	9.2383097e-06	
S11000.iliopsoas-hamstrings.KL  	-8.2557641	-8.2556823	0.00032568169	
S11000.iliopsoas-hamstrings.L0  	1.1659381	1.1659273	7.1133725e-06	
S11000.hamstrings.KF            	0.57518747	0.57518047	6.9668258e-06	
S11000.glut_max.KF              	0.62131555	0.62130968	7.8556743e-06	
