pelvis_tilt.offset              	0.040457759	0.040188384	0.00027645394	
hip_flexion_r.offset            	0.12743816	0.12729875	0.00046178339	
knee_angle_r.offset             	-0.00067207758	-0.00068359287	0.00056523081	
ankle_angle_r.offset            	0.092474752	0.093824359	0.0013119104	
hip_flexion_l.offset            	0.0045948725	0.0029483038	0.0013795403	
knee_angle_l.offset             	0.049715866	0.048068996	0.00082093247	
ankle_angle_l.offset            	0.18182588	0.18194843	0.00085184608	
stance_load_threshold           	0.14647036	0.14674779	0.00070607456	
S00111.tib_ant.KL               	1.228071	1.2485342	0.014861911	
S00111.tib_ant.L0               	0.72726333	0.72786944	0.0006826849	
S00111.tib_ant.KS               	0.00016133291	0.00016439271	5.9959897e-06	
S11000.tib_ant.KL               	1.2327042	1.224881	0.011100657	
S11000.tib_ant.L0               	0.7061862	0.70487151	0.00097424778	
S11000.tib_ant.KS               	0.03680512	0.035291931	0.00067610737	
S11111.tib_ant-soleus.KF        	-0.1068198	-0.10781973	0.0014367611	
S00111.soleus-tib_ant.KS        	-0.8703704	-0.86812539	0.0056889942	
S00111.gastroc-tib_ant.KS       	-0.32551658	-0.32454699	0.0012614794	
S11000.soleus-tib_ant.KS        	-3.2840152	-3.2465	0.023165871	
S11000.gastroc-tib_ant.KS       	-1.6582092	-1.6311873	0.017471163	
S00111.tib_ant-soleus.KS        	-0.0032740041	-0.0032507245	0.00010141578	
S00111.tib_ant-gastroc.KS       	-0.0038305979	-0.003764151	0.00011104145	
S11000.tib_ant-soleus.KS        	-0.0034435523	-0.0032945313	0.00011018631	
S11000.tib_ant-gastroc.KS       	-0.0035000019	-0.0034718376	0.00011546568	
S00111.soleus.KL                	3.9780456	3.9916983	0.017593673	
S00111.soleus.L0                	1.0047597	1.0037383	0.0009057656	
S00111.soleus.KF                	0.22548123	0.22823386	0.0015571017	
S00111.soleus.KS                	0.15191456	0.15215293	0.0020883803	
S00111.gastroc.KL               	0.081078513	0.079844242	0.0022527343	
S00111.gastroc.L0               	0.82490657	0.81877215	0.0066491671	
S00111.gastroc.KF               	1.4299452	1.4298836	0.00099318473	
S00111.gastroc.KS               	0.16611371	0.16669521	0.00076341686	
S11000.soleus.KL                	0.8201595	0.79936931	0.014866309	
S11000.soleus.L0                	0.8754987	0.87604823	0.0072431546	
S11000.soleus.KF                	-0.93201233	-0.9360582	0.018276876	
S11000.soleus.KS                	0.10926076	0.10870695	0.003495558	
S11000.gastroc.KL               	0.0090738599	0.009059697	0.00026458248	
S11000.gastroc.L0               	0.51579796	0.51478885	0.0061090818	
S11000.gastroc.KF               	-1.8370616	-1.8328226	0.017856443	
S11000.gastroc.KS               	0.26107725	0.26467963	0.0053025127	
S00011.vasti.KF                 	0.80561364	0.80646241	0.0010349839	
S00011.vasti.C0                 	0.081032505	0.081072021	0.00013676349	
S00011.vasti-knee_angle.pos_max 	-0.32016372	-0.31998569	0.0004965778	
S00011.hamstrings-pelvis_tilt.KP	0.67839063	0.67792951	0.003852781	
S00011.hamstrings-pelvis_tilt.KV	0.59112401	0.59082348	0.00087338685	
S00011.hamstrings-pelvis_tilt.C0	0.025205249	0.025773315	0.00040290952	
S00011.glut_max-pelvis_tilt.KP  	1.4250954	1.431022	0.0058003208	
S00011.glut_max-pelvis_tilt.KV  	0.31815702	0.3181796	0.00098262971	
S00011.glut_max-pelvis_tilt.C0  	0.15172806	0.15264591	0.0006507897	
S00011.iliopsoas-pelvis_tilt.KP 	-3.3340195	-3.3309359	0.0072854728	
S00011.iliopsoas-pelvis_tilt.KV 	-0.56604026	-0.5670556	0.0011962698	
S00011.iliopsoas-pelvis_tilt.C0 	0.34738726	0.34668227	0.00074969195	
S00100.iliopsoas.C0             	0.33118116	0.33057019	0.0011597234	
S00100.glut_max.C0              	-0.024242848	-0.023975754	0.00049782048	
S11000.iliopsoas.KL             	0.5881779	0.58752709	0.00076919265	
S11000.iliopsoas.L0             	0.37508934	0.37479795	0.00075463118	
S11000.iliopsoas-pelvis_tilt.P0 	-0.044003471	-0.04360388	0.00067673826	
S11000.iliopsoas-pelvis_tilt.KP 	0.011687274	0.011623591	0.00033366016	
S11000.iliopsoas-pelvis_tilt.KV 	0.15110698	0.15137901	0.00076113189	
S11000.iliopsoas-hamstrings.KL  	-7.9029342	-7.8955147	0.034315605	
S11000.iliopsoas-hamstrings.L0  	1.1460076	1.1457277	0.00026645424	
S11000.hamstrings.KF            	0.56924958	0.56928652	0.00036895098	
S11000.glut_max.KF              	0.60429166	0.60492821	0.0012941645	
