pelvis_tilt.offset              	0.027367622	0.027388484	1.1189412e-05	
hip_flexion_r.offset            	0.076749423	0.076745866	1.3336584e-05	
knee_angle_r.offset             	-0.013485125	-0.013455837	2.0988711e-05	
ankle_angle_r.offset            	-0.037797621	-0.037764058	2.8677646e-05	
hip_flexion_l.offset            	0.020700713	0.020722765	4.0472303e-05	
knee_angle_l.offset             	0.061200852	0.061177632	1.8796801e-05	
ankle_angle_l.offset            	0.18681549	0.18681085	1.623387e-05	
stance_load_threshold           	0.14664317	0.14664872	1.9756989e-05	
S00111.tib_ant.KL               	1.2003153	1.200191	0.0003323753	
S00111.tib_ant.L0               	0.74854182	0.74862153	3.1734513e-05	
S00111.tib_ant.KS               	0.00016944553	0.0001706967	8.0272313e-07	
S11000.tib_ant.KL               	1.237099	1.2373304	0.00020241014	
S11000.tib_ant.L0               	0.72052574	0.72057809	3.4263788e-05	
S11000.tib_ant.KS               	0.035096102	0.035098724	1.6739597e-05	
S11111.tib_ant-soleus.KF        	-0.11503097	-0.11504007	2.832934e-05	
S00111.soleus-tib_ant.KS        	-0.85109501	-0.8510549	0.00023410912	
S00111.gastroc-tib_ant.KS       	-0.32905948	-0.32920582	0.00010204107	
S11000.soleus-tib_ant.KS        	-3.191336	-3.1905232	0.00046667253	
S11000.gastroc-tib_ant.KS       	-1.7479173	-1.7476788	0.00036243785	
S00111.tib_ant-soleus.KS        	-0.0032934802	-0.003295702	2.3536707e-05	
S00111.tib_ant-gastroc.KS       	-0.0037080759	-0.0036626795	2.5496281e-05	
S11000.tib_ant-soleus.KS        	-0.0033119897	-0.0033210208	2.2548761e-05	
S11000.tib_ant-gastroc.KS       	-0.0036232148	-0.0035866725	2.2769259e-05	
S00111.soleus.KL                	4.1296808	4.1301121	0.00029500192	
S00111.soleus.L0                	0.96907715	0.96909832	4.7824425e-05	
S00111.soleus.KF                	0.22459289	0.22456182	3.2548749e-05	
S00111.soleus.KS                	0.15201888	0.15195101	0.00013376082	
S00111.gastroc.KL               	0.077697971	0.07767837	0.00015399164	
S00111.gastroc.L0               	0.82084308	0.8206249	0.00013499033	
S00111.gastroc.KF               	1.4116383	1.411669	1.9114243e-05	
S00111.gastroc.KS               	0.17624064	0.17620656	5.0221653e-05	
S11000.soleus.KL                	0.81772063	0.81788937	0.00054710161	
S11000.soleus.L0                	0.89877464	0.89851144	0.00012527286	
S11000.soleus.KF                	-0.9388932	-0.93950304	0.00052325834	
S11000.soleus.KS                	0.11180407	0.11162049	0.00022821824	
S11000.gastroc.KL               	0.0089273941	0.0089182516	3.6057118e-05	
S11000.gastroc.L0               	0.53748141	0.53741482	0.00013012448	
S11000.gastroc.KF               	-1.8617999	-1.8614947	0.00041516209	
S11000.gastroc.KS               	0.27032309	0.26987345	0.00020499455	
S00011.vasti.KF                 	0.81026491	0.81019112	5.8211555e-05	
S00011.vasti.C0                 	0.079982244	0.079973597	7.4843382e-06	
S00011.vasti-knee_angle.pos_max 	-0.29053681	-0.29054458	2.9198104e-05	
S00011.hamstrings-pelvis_tilt.KP	0.6713617	0.67128588	0.00014589233	
S00011.hamstrings-pelvis_tilt.KV	0.56964375	0.5696329	1.8168708e-05	
S00011.hamstrings-pelvis_tilt.C0	0.027646817	0.027620605	2.647169e-05	
S00011.glut_max-pelvis_tilt.KP  	1.4230803	1.4230358	0.00021183114	
S00011.glut_max-pelvis_tilt.KV  	0.31103765	0.31101506	1.688267e-05	
S00011.glut_max-pelvis_tilt.C0  	0.16090791	0.16090956	3.0886877e-05	
S00011.iliopsoas-pelvis_tilt.KP 	-3.3201286	-3.3201661	0.00026108118	
S00011.iliopsoas-pelvis_tilt.KV 	-0.54943589	-0.54944917	2.194346e-05	
S00011.iliopsoas-pelvis_tilt.C0 	0.34552456	0.34551408	3.4424858e-05	
S00100.iliopsoas.C0             	0.34184221	0.34181079	2.3785767e-05	
S00100.glut_max.C0              	-0.024984479	-0.025017039	1.727095e-05	
S11000.iliopsoas.KL             	0.55712341	0.55715178	2.1029104e-05	
S11000.iliopsoas.L0             	0.39625961	0.39621995	2.0098699e-05	
S11000.iliopsoas-pelvis_tilt.P0 	-0.04597107	-0.045971694	1.6949743e-05	
S11000.iliopsoas-pelvis_tilt.KP 	0.011618608	0.011650299	3.154519e-05	
S11000.iliopsoas-pelvis_tilt.KV 	0.14690659	0.14693133	2.0606687e-05	
S11000.iliopsoas-hamstrings.KL  	-8.2099479	-8.2102472	0.00074504685	
S11000.iliopsoas-hamstrings.L0  	1.1647033	1.1646956	1.3857127e-05	
S11000.hamstrings.KF            	0.58083774	0.58082919	1.7923131e-05	
S11000.glut_max.KF              	0.61928314	0.61927841	1.9087447e-05	
