pelvis_tilt.offset              	0.036361364	0.036355477	1.6750451e-05	
hip_flexion_r.offset            	0.11993225	0.11991288	2.5381932e-05	
knee_angle_r.offset             	-4.2046008e-05	-4.004434e-05	3.926896e-05	
ankle_angle_r.offset            	0.069775472	0.069588754	7.6362384e-05	
hip_flexion_l.offset            	0.0068200619	0.0067392173	8.8689158e-05	
knee_angle_l.offset             	0.056263645	0.056351706	4.1171372e-05	
ankle_angle_l.offset            	0.18607637	0.18610745	4.9888961e-05	
stance_load_threshold           	0.14608569	0.14612671	4.0669765e-05	
S00111.tib_ant.KL               	1.2840366	1.2838726	0.00077609976	
S00111.tib_ant.L0               	0.72787419	0.72795428	4.3397226e-05	
S00111.tib_ant.KS               	0.0001718963	0.00017162202	3.8579239e-07	
S11000.tib_ant.KL               	1.2427589	1.242869	0.0004909171	
S11000.tib_ant.L0               	0.7022001	0.70223152	7.0870374e-05	
S11000.tib_ant.KS               	0.035618909	0.035621473	3.3654398e-05	
S11111.tib_ant-soleus.KF        	-0.11050365	-0.11047907	6.5030864e-05	
S00111.soleus-tib_ant.KS        	-0.88639438	-0.88671452	0.0003092959	
S00111.gastroc-tib_ant.KS       	-0.32194686	-0.32196621	9.1109734e-05	
S11000.soleus-tib_ant.KS        	-3.306366	-3.306324	0.0010595723	
S11000.gastroc-tib_ant.KS       	-1.620254	-1.6187201	0.00087003656	
S00111.tib_ant-soleus.KS        	-0.0032878204	-0.0032906864	7.4367424e-06	
S00111.tib_ant-gastroc.KS       	-0.0039147559	-0.0039051537	8.1891196e-06	
S11000.tib_ant-soleus.KS        	-0.0032798988	-0.0032984068	8.0378105e-06	
S11000.tib_ant-gastroc.KS       	-0.0033753051	-0.0033709691	8.9509668e-06	
S00111.soleus.KL                	3.9227262	3.9227409	0.00073504808	
S00111.soleus.L0                	0.99758044	0.99751844	5.4717483e-05	
S00111.soleus.KF                	0.22254446	0.22249492	7.4826379e-05	
S00111.soleus.KS                	0.15353523	0.1535939	0.00013631072	
S00111.gastroc.KL               	0.079730013	0.079723634	0.0001334985	
S00111.gastroc.L0               	0.82332398	0.82305884	0.00033583722	
S00111.gastroc.KF               	1.4318281	1.4318743	4.7520745e-05	
S00111.gastroc.KS               	0.16327325	0.16328894	4.9884218e-05	
S11000.soleus.KL                	0.77410984	0.77375962	0.0008123329	
S11000.soleus.L0                	0.88256878	0.88338818	0.00034378916	
S11000.soleus.KF                	-0.91511713	-0.91255414	0.00097333317	
S11000.soleus.KS                	0.10836327	0.10855056	0.00021808171	
S11000.gastroc.KL               	0.008751116	0.0087599865	1.8269318e-05	
S11000.gastroc.L0               	0.52223535	0.52296131	0.00030125935	
S11000.gastroc.KF               	-1.7385541	-1.7394192	0.00089206124	
S11000.gastroc.KS               	0.26831356	0.26818372	0.00031244304	
S00011.vasti.KF                 	0.81332997	0.81340337	6.3632838e-05	
S00011.vasti.C0                 	0.081287239	0.081287849	8.3821457e-06	
S00011.vasti-knee_angle.pos_max 	-0.32000009	-0.31995961	3.2177886e-05	
S00011.hamstrings-pelvis_tilt.KP	0.67563066	0.67550449	0.0002384257	
S00011.hamstrings-pelvis_tilt.KV	0.59157606	0.59152961	4.2546934e-05	
S00011.hamstrings-pelvis_tilt.C0	0.025210985	0.025236733	2.5954113e-05	
S00011.glut_max-pelvis_tilt.KP  	1.4299218	1.4298151	0.00038153866	
S00011.glut_max-pelvis_tilt.KV  	0.3162079	0.3163142	3.8526534e-05	
S00011.glut_max-pelvis_tilt.C0  	0.15189023	0.15180462	3.6870133e-05	
S00011.iliopsoas-pelvis_tilt.KP 	-3.3220637	-3.3214608	0.0004395007	
S00011.iliopsoas-pelvis_tilt.KV 	-0.5670195	-0.56701243	6.3418616e-05	
S00011.iliopsoas-pelvis_tilt.C0 	0.34815058	0.34822391	4.9378189e-05	
S00100.iliopsoas.C0             	0.32518301	0.32522423	5.4503368e-05	
S00100.glut_max.C0              	-0.024214825	-0.024183018	2.8833536e-05	
S11000.iliopsoas.KL             	0.58848982	0.58842626	5.197322e-05	
S11000.iliopsoas.L0             	0.38080956	0.38084475	3.9553765e-05	
S11000.iliopsoas-pelvis_tilt.P0 	-0.04278833	-0.042779169	2.8963142e-05	
S11000.iliopsoas-pelvis_tilt.KP 	0.011104195	0.011101272	2.3168675e-05	
S11000.iliopsoas-pelvis_tilt.KV 	0.15086944	0.15091582	4.5375236e-05	
S11000.iliopsoas-hamstrings.KL  	-7.9217772	-7.9235814	0.0017382997	
S11000.iliopsoas-hamstrings.L0  	1.1475083	1.1475494	2.0570887e-05	
S11000.hamstrings.KF            	0.56993379	0.56988846	2.7577469e-05	
S11000.glut_max.KF              	0.60685113	0.60689173	6.5278013e-05	
