pelvis_tilt.offset              	0.030882105	0.030894274	1.9672849e-05	
hip_flexion_r.offset            	0.10243372	0.10240742	3.0677128e-05	
knee_angle_r.offset             	-0.0063575988	-0.0063662198	4.784851e-05	
ankle_angle_r.offset            	0.022683863	0.022609359	8.8170493e-05	
hip_flexion_l.offset            	0.0024887364	0.002345693	0.00010463135	
knee_angle_l.offset             	0.057561924	0.057546681	4.4611785e-05	
ankle_angle_l.offset            	0.18348661	0.18348779	3.5990558e-05	
stance_load_threshold           	0.14522132	0.14525163	4.6226454e-05	
S00111.tib_ant.KL               	1.219152	1.2180255	0.00078667543	
S00111.tib_ant.L0               	0.72827105	0.72820326	5.2418678e-05	
S00111.tib_ant.KS               	0.00016176364	0.00016188996	5.6216147e-07	
S11000.tib_ant.KL               	1.217425	1.2179608	0.00045919648	
S11000.tib_ant.L0               	0.71082012	0.71097983	7.4838594e-05	
S11000.tib_ant.KS               	0.035578581	0.035653575	3.550126e-05	
S11111.tib_ant-soleus.KF        	-0.10722204	-0.107218	5.9884324e-05	
S00111.soleus-tib_ant.KS        	-0.8890703	-0.88906576	0.00036797333	
S00111.gastroc-tib_ant.KS       	-0.34779793	-0.34782083	0.00014339065	
S11000.soleus-tib_ant.KS        	-3.2097717	-3.2089996	0.0010036274	
S11000.gastroc-tib_ant.KS       	-1.6618745	-1.6624985	0.00081779372	
S00111.tib_ant-soleus.KS        	-0.0032856175	-0.0032978229	1.2162849e-05	
S00111.tib_ant-gastroc.KS       	-0.0037289284	-0.0037324495	1.3871506e-05	
S11000.tib_ant-soleus.KS        	-0.0032948026	-0.0032885637	1.2841316e-05	
S11000.tib_ant-gastroc.KS       	-0.0033974924	-0.0034016731	1.3800404e-05	
S00111.soleus.KL                	3.9427843	3.9431555	0.0006655303	
S00111.soleus.L0                	0.97885436	0.97888862	7.0103019e-05	
S00111.soleus.KF                	0.22103814	0.22109133	7.0104726e-05	
S00111.soleus.KS                	0.16348709	0.1634145	0.00017442468	
S00111.gastroc.KL               	0.078335862	0.078592685	0.00019210899	
S00111.gastroc.L0               	0.87191319	0.87185149	0.00031476964	
S00111.gastroc.KF               	1.4251525	1.4251007	4.7659554e-05	
S00111.gastroc.KS               	0.16361972	0.16377424	7.4737282e-05	
S11000.soleus.KL                	0.77268038	0.77280561	0.00090669828	
S11000.soleus.L0                	0.90758183	0.90793918	0.00032269255	
S11000.soleus.KF                	-0.89991233	-0.90048294	0.00097103385	
S11000.soleus.KS                	0.10754312	0.10770078	0.00026584762	
S11000.gastroc.KL               	0.0088963558	0.0088939934	2.8300912e-05	
S11000.gastroc.L0               	0.52898798	0.52911877	0.00027075386	
S11000.gastroc.KF               	-1.8065802	-1.8067215	0.0009257368	
S11000.gastroc.KS               	0.27095729	0.27033408	0.00032879012	
S00011.vasti.KF                 	0.80736323	0.80747917	8.8741713e-05	
S00011.vasti.C0                 	0.080245602	0.080260242	1.0639376e-05	
S00011.vasti-knee_angle.pos_max 	-0.3203685	-0.32045641	5.5158138e-05	
S00011.hamstrings-pelvis_tilt.KP	0.6741982	0.6740646	0.00025407035	
S00011.hamstrings-pelvis_tilt.KV	0.58768028	0.58767765	4.4077008e-05	
S00011.hamstrings-pelvis_tilt.C0	0.025419158	0.025375743	3.7371787e-05	
S00011.glut_max-pelvis_tilt.KP  	1.4261079	1.4259021	0.00040841255	
S00011.glut_max-pelvis_tilt.KV  	0.31262189	0.31258043	3.7237827e-05	
S00011.glut_max-pelvis_tilt.C0  	0.15188108	0.15193649	5.565918e-05	
S00011.iliopsoas-pelvis_tilt.KP 	-3.3635576	-3.3627099	0.00047526657	
S00011.iliopsoas-pelvis_tilt.KV 	-0.56477153	-0.56478368	6.291786e-05	
S00011.iliopsoas-pelvis_tilt.C0 	0.34390744	0.34380689	7.2575922e-05	
S00100.iliopsoas.C0             	0.3297932	0.3297976	4.9800374e-05	
S00100.glut_max.C0              	-0.024216542	-0.024201616	2.8835323e-05	
S11000.iliopsoas.KL             	0.58294047	0.58286762	5.0562458e-05	
S11000.iliopsoas.L0             	0.37879351	0.37869617	4.7189255e-05	
S11000.iliopsoas-pelvis_tilt.P0 	-0.04367645	-0.043655979	3.1598514e-05	
S11000.iliopsoas-pelvis_tilt.KP 	0.011807683	0.011822169	3.1487997e-05	
S11000.iliopsoas-pelvis_tilt.KV 	0.1496057	0.14967501	4.725983e-05	
S11000.iliopsoas-hamstrings.KL  	-8.0737094	-8.0740926	0.0016508402	
S11000.iliopsoas-hamstrings.L0  	1.1478063	1.1477824	2.863468e-05	
S11000.hamstrings.KF            	0.56285048	0.56284161	3.7824441e-05	
S11000.glut_max.KF              	0.60668979	0.60668297	5.3722722e-05	
