pelvis_tilt.offset              	0.03130799	0.031315115	8.5671903e-06	
hip_flexion_r.offset            	0.11140329	0.11140656	1.6248403e-05	
knee_angle_r.offset             	-0.0076674521	-0.0076805235	2.1442002e-05	
ankle_angle_r.offset            	0.057135907	0.057117219	4.649199e-05	
hip_flexion_l.offset            	0.0088487328	0.0088091424	4.9587945e-05	
knee_angle_l.offset             	0.054250359	0.054260173	2.0949293e-05	
ankle_angle_l.offset            	0.18053919	0.18054831	2.1804479e-05	
stance_load_threshold           	0.14490393	0.14484969	2.3176887e-05	
S00111.tib_ant.KL               	1.2631564	1.264011	0.00040964728	
S00111.tib_ant.L0               	0.73161218	0.73164174	2.532421e-05	
S00111.tib_ant.KS               	0.00016192775	0.00016174451	2.2794705e-07	
S11000.tib_ant.KL               	1.2494224	1.249653	0.00026222234	
S11000.tib_ant.L0               	0.71263148	0.71269521	3.5963233e-05	
S11000.tib_ant.KS               	0.035731727	0.035725498	1.8156495e-05	
S11111.tib_ant-soleus.KF        	-0.11323021	-0.11321374	3.1399122e-05	
S00111.soleus-tib_ant.KS        	-0.88173512	-0.88157897	0.00017221449	
S00111.gastroc-tib_ant.KS       	-0.33950334	-0.33951494	5.8786561e-05	
S11000.soleus-tib_ant.KS        	-3.4256416	-3.4264041	0.00054928546	
S11000.gastroc-tib_ant.KS       	-1.7416796	-1.7408638	0.00045431404	
S00111.tib_ant-soleus.KS        	-0.0033144815	-0.0033189483	4.8084279e-06	
S00111.tib_ant-gastroc.KS       	-0.0038918438	-0.0038936875	5.2883532e-06	
S11000.tib_ant-soleus.KS        	-0.0032604278	-0.0032614253	5.2648302e-06	
S11000.tib_ant-gastroc.KS       	-0.0034911422	-0.0034959132	5.5904696e-06	
S00111.soleus.KL                	3.8971787	3.89755	0.00035472045	
S00111.soleus.L0                	0.98851628	0.98853554	2.8588089e-05	
S00111.soleus.KF                	0.22970701	0.22970813	3.5629776e-05	
S00111.soleus.KS                	0.15737039	0.15739421	7.2853982e-05	
S00111.gastroc.KL               	0.079943183	0.080109125	8.5457124e-05	
S00111.gastroc.L0               	0.84281082	0.84295996	0.0001608212	
S00111.gastroc.KF               	1.4259442	1.42592	2.4578987e-05	
S00111.gastroc.KS               	0.16189162	0.16187158	2.8723736e-05	
S11000.soleus.KL                	0.7958413	0.7947475	0.00045951695	
S11000.soleus.L0                	0.87551405	0.87526294	0.00017269184	
S11000.soleus.KF                	-0.87689907	-0.87645882	0.00049185693	
S11000.soleus.KS                	0.10950344	0.10960567	0.00012149687	
S11000.gastroc.KL               	0.0085757701	0.0085619537	1.16297e-05	
S11000.gastroc.L0               	0.54480794	0.54487538	0.00015331295	
S11000.gastroc.KF               	-1.749944	-1.7498383	0.00050579051	
S11000.gastroc.KS               	0.27679079	0.276729	0.0001659499	
S00011.vasti.KF                 	0.81654694	0.8165971	3.630216e-05	
S00011.vasti.C0                 	0.080040697	0.08004111	4.2808147e-06	
S00011.vasti-knee_angle.pos_max 	-0.32060983	-0.32063036	2.1123283e-05	
S00011.hamstrings-pelvis_tilt.KP	0.67183732	0.67198912	0.00011435612	
S00011.hamstrings-pelvis_tilt.KV	0.59165545	0.59163381	2.3581567e-05	
S00011.hamstrings-pelvis_tilt.C0	0.025190909	0.025183131	1.5842419e-05	
S00011.glut_max-pelvis_tilt.KP  	1.4226988	1.4226763	0.00022611291	
S00011.glut_max-pelvis_tilt.KV  	0.31669963	0.31670622	2.0359235e-05	
S00011.glut_max-pelvis_tilt.C0  	0.15178672	0.15177452	2.0486125e-05	
S00011.iliopsoas-pelvis_tilt.KP 	-3.3337167	-3.333501	0.00023768162	
S00011.iliopsoas-pelvis_tilt.KV 	-0.56283079	-0.56282252	3.2169388e-05	
S00011.iliopsoas-pelvis_tilt.C0 	0.34484892	0.34479511	3.4211316e-05	
S00100.iliopsoas.C0             	0.32942393	0.32943919	2.7310869e-05	
S00100.glut_max.C0              	-0.024759898	-0.024741484	1.5111642e-05	
S11000.iliopsoas.KL             	0.5843248	0.5843794	2.7845214e-05	
S11000.iliopsoas.L0             	0.38094098	0.38089737	2.1762116e-05	
S11000.iliopsoas-pelvis_tilt.P0 	-0.043956974	-0.04395921	1.5484924e-05	
S11000.iliopsoas-pelvis_tilt.KP 	0.011710294	0.011680358	1.3888346e-05	
S11000.iliopsoas-pelvis_tilt.KV 	0.15170016	0.1516898	2.4991402e-05	
S11000.iliopsoas-hamstrings.KL  	-7.9221078	-7.9224106	0.00085750184	
S11000.iliopsoas-hamstrings.L0  	1.1499325	1.149922	1.1974365e-05	
S11000.hamstrings.KF            	0.56701986	0.56700948	1.6050289e-05	
S11000.glut_max.KF              	0.60840417	0.60837142	3.2613704e-05	
