pelvis_tilt.offset              	0.039046941	0.039043836	5.9005776e-06	
hip_flexion_r.offset            	0.12336211	0.12336578	9.2293644e-06	
knee_angle_r.offset             	-0.00063000724	-0.00064724106	1.3553639e-05	
ankle_angle_r.offset            	0.087843339	0.087860463	3.1455657e-05	
hip_flexion_l.offset            	-0.0036022086	-0.003607065	2.9276795e-05	
knee_angle_l.offset             	0.050740736	0.050730113	1.7199579e-05	
ankle_angle_l.offset            	0.18272509	0.18271251	1.8556542e-05	
stance_load_threshold           	0.14582332	0.1457923	1.6327381e-05	
S00111.tib_ant.KL               	1.2513296	1.2513755	0.00031716304	
S00111.tib_ant.L0               	0.72918162	0.729209	1.5659184e-05	
S00111.tib_ant.KS               	0.00016316884	0.00016314623	1.4475429e-07	
S11000.tib_ant.KL               	1.1845184	1.1842304	0.00020986584	
S11000.tib_ant.L0               	0.70550652	0.70551924	2.284745e-05	
S11000.tib_ant.KS               	0.035659549	0.035671227	1.4782462e-05	
S11111.tib_ant-soleus.KF        	-0.11092652	-0.11090949	2.9248809e-05	
S00111.soleus-tib_ant.KS        	-0.87364468	-0.87372506	0.00012482212	
S00111.gastroc-tib_ant.KS       	-0.32542156	-0.32534337	2.9836117e-05	
S11000.soleus-tib_ant.KS        	-3.258408	-3.2591892	0.00050720753	
S11000.gastroc-tib_ant.KS       	-1.6207507	-1.620278	0.00035971014	
S00111.tib_ant-soleus.KS        	-0.0033698185	-0.0033684841	2.4813076e-06	
S00111.tib_ant-gastroc.KS       	-0.0036654672	-0.0036641967	2.5001111e-06	
S11000.tib_ant-soleus.KS        	-0.0034105132	-0.0034107898	2.5843712e-06	
S11000.tib_ant-gastroc.KS       	-0.0035634452	-0.0035639209	2.8896277e-06	
S00111.soleus.KL                	4.0121625	4.0123742	0.00036903601	
S00111.soleus.L0                	1.0010301	1.0010207	1.9605394e-05	
S00111.soleus.KF                	0.21807562	0.21803884	3.2697748e-05	
S00111.soleus.KS                	0.15278878	0.15279131	4.766114e-05	
S00111.gastroc.KL               	0.079298102	0.079284202	4.7844669e-05	
S00111.gastroc.L0               	0.82933985	0.82955395	0.00013199402	
S00111.gastroc.KF               	1.4241699	1.4241585	2.1643458e-05	
S00111.gastroc.KS               	0.16253177	0.16252534	1.6952241e-05	
S11000.soleus.KL                	0.81528541	0.81558111	0.00033042291	
S11000.soleus.L0                	0.90617965	0.90594833	0.00014014792	
S11000.soleus.KF                	-0.94219605	-0.94209292	0.00041615205	
S11000.soleus.KS                	0.11267749	0.11280654	7.7261372e-05	
S11000.gastroc.KL               	0.0086716574	0.0086631956	6.2095533e-06	
S11000.gastroc.L0               	0.51043861	0.51073655	0.00012783183	
S11000.gastroc.KF               	-1.8293422	-1.8288398	0.00039175775	
S11000.gastroc.KS               	0.2546671	0.25484174	0.00011388901	
S00011.vasti.KF                 	0.81147001	0.81145336	2.2331573e-05	
S00011.vasti.C0                 	0.080890442	0.080893219	3.0377607e-06	
S00011.vasti-knee_angle.pos_max 	-0.3204244	-0.32044132	1.1030114e-05	
S00011.hamstrings-pelvis_tilt.KP	0.67473493	0.67471965	8.6619765e-05	
S00011.hamstrings-pelvis_tilt.KV	0.59313824	0.59312235	1.7757305e-05	
S00011.hamstrings-pelvis_tilt.C0	0.0253218	0.025317325	1.058129e-05	
S00011.glut_max-pelvis_tilt.KP  	1.4213657	1.4213602	0.00012672628	
S00011.glut_max-pelvis_tilt.KV  	0.31665639	0.31664175	1.660451e-05	
S00011.glut_max-pelvis_tilt.C0  	0.15191171	0.15191563	1.4447191e-05	
S00011.iliopsoas-pelvis_tilt.KP 	-3.3228059	-3.3228597	0.00015787345	
S00011.iliopsoas-pelvis_tilt.KV 	-0.56692133	-0.56688526	2.4080494e-05	
S00011.iliopsoas-pelvis_tilt.C0 	0.34742519	0.3474133	1.7495582e-05	
S00100.iliopsoas.C0             	0.32475488	0.32476072	2.2564888e-05	
S00100.glut_max.C0              	-0.024987495	-0.024996707	1.2132255e-05	
S11000.iliopsoas.KL             	0.58791629	0.58790878	1.8337232e-05	
S11000.iliopsoas.L0             	0.37371816	0.37373126	1.6138299e-05	
S11000.iliopsoas-pelvis_tilt.P0 	-0.0452979	-0.045306402	1.3749652e-05	
S11000.iliopsoas-pelvis_tilt.KP 	0.011279045	0.011275279	8.175452e-06	
S11000.iliopsoas-pelvis_tilt.KV 	0.15146257	0.15147115	1.6213693e-05	
S11000.iliopsoas-hamstrings.KL  	-7.9567348	-7.9565391	0.00074558855	
S11000.iliopsoas-hamstrings.L0  	1.1462934	1.1462902	6.4364744e-06	
S11000.hamstrings.KF            	0.57048982	0.570479	8.6675441e-06	
S11000.glut_max.KF              	0.60865119	0.60863248	2.8745424e-05	
