pelvis_tilt.offset              	0.039043076	0.039045848	2.4526863e-05	
hip_flexion_r.offset            	0.12332869	0.12334335	3.7892154e-05	
knee_angle_r.offset             	-0.00065389834	-0.00062776047	5.457911e-05	
ankle_angle_r.offset            	0.087419872	0.087407591	0.00012337781	
hip_flexion_l.offset            	-0.0046372146	-0.0046237335	0.00012709788	
knee_angle_l.offset             	0.051070371	0.051035307	7.1774229e-05	
ankle_angle_l.offset            	0.18310998	0.1829819	7.862542e-05	
stance_load_threshold           	0.14539497	0.14545981	6.6159528e-05	
S00111.tib_ant.KL               	1.2471269	1.2492581	0.0013926301	
S00111.tib_ant.L0               	0.7293854	0.72929417	6.521495e-05	
S00111.tib_ant.KS               	0.00016301163	0.00016279064	5.7302435e-07	
S11000.tib_ant.KL               	1.1846546	1.1850995	0.00084327961	
S11000.tib_ant.L0               	0.70531836	0.70516132	9.3650477e-05	
S11000.tib_ant.KS               	0.035662104	0.035718983	5.7022021e-05	
S11111.tib_ant-soleus.KF        	-0.11043337	-0.11072782	0.00012335142	
S00111.soleus-tib_ant.KS        	-0.87400906	-0.87420323	0.0005370976	
S00111.gastroc-tib_ant.KS       	-0.32613723	-0.32591111	0.00012473909	
S11000.soleus-tib_ant.KS        	-3.2602816	-3.2627446	0.0020271682	
S11000.gastroc-tib_ant.KS       	-1.6264228	-1.6267112	0.0014422221	
S00111.tib_ant-soleus.KS        	-0.0033564676	-0.0033594231	1.0439981e-05	
S00111.tib_ant-gastroc.KS       	-0.0036653202	-0.0036655949	1.0996014e-05	
S11000.tib_ant-soleus.KS        	-0.0034218224	-0.0034183036	1.0420767e-05	
S11000.tib_ant-gastroc.KS       	-0.0036352901	-0.0036216602	1.1875499e-05	
S00111.soleus.KL                	4.0156536	4.0158405	0.001412689	
S00111.soleus.L0                	1.0008901	1.000897	8.1861701e-05	
S00111.soleus.KF                	0.2177295	0.21762506	0.00013771575	
S00111.soleus.KS                	0.15255758	0.15252259	0.0001993167	
S00111.gastroc.KL               	0.079947198	0.079482611	0.0001880303	
S00111.gastroc.L0               	0.82943112	0.82926789	0.00055568869	
S00111.gastroc.KF               	1.4239738	1.4238756	8.9300453e-05	
S00111.gastroc.KS               	0.16264155	0.16263939	7.2373099e-05	
S11000.soleus.KL                	0.81422691	0.81587841	0.0013761507	
S11000.soleus.L0                	0.90670391	0.9058885	0.00057985042	
S11000.soleus.KF                	-0.94115826	-0.94424548	0.001686486	
S11000.soleus.KS                	0.11234252	0.11189015	0.00033320539	
S11000.gastroc.KL               	0.0086973356	0.0087099037	2.6363888e-05	
S11000.gastroc.L0               	0.50916158	0.51009473	0.00052575	
S11000.gastroc.KF               	-1.8221411	-1.8215237	0.001472741	
S11000.gastroc.KS               	0.25478484	0.25484696	0.00047894059	
S00011.vasti.KF                 	0.81092141	0.81120542	9.2809974e-05	
S00011.vasti.C0                 	0.08092325	0.080945461	1.2011667e-05	
S00011.vasti-knee_angle.pos_max 	-0.32038741	-0.32037506	4.5725082e-05	
S00011.hamstrings-pelvis_tilt.KP	0.67395763	0.67404731	0.00035369073	
S00011.hamstrings-pelvis_tilt.KV	0.59305779	0.59302461	7.4373653e-05	
S00011.hamstrings-pelvis_tilt.C0	0.02528255	0.025249694	4.2477254e-05	
S00011.glut_max-pelvis_tilt.KP  	1.4228634	1.4218935	0.00052943942	
S00011.glut_max-pelvis_tilt.KV  	0.31677562	0.31674725	7.1211835e-05	
S00011.glut_max-pelvis_tilt.C0  	0.1519483	0.15198119	6.1237901e-05	
S00011.iliopsoas-pelvis_tilt.KP 	-3.319496	-3.3212169	0.00066496574	
S00011.iliopsoas-pelvis_tilt.KV 	-0.56691552	-0.56676389	0.00010127778	
S00011.iliopsoas-pelvis_tilt.C0 	0.34731449	0.34728262	7.4534063e-05	
S00100.iliopsoas.C0             	0.32503545	0.32516655	9.1731632e-05	
S00100.glut_max.C0              	-0.02495446	-0.024946645	4.9406678e-05	
S11000.iliopsoas.KL             	0.58798145	0.58807235	7.8322691e-05	
S11000.iliopsoas.L0             	0.37379581	0.37380013	6.4452533e-05	
S11000.iliopsoas-pelvis_tilt.P0 	-0.045369683	-0.045365442	5.5855254e-05	
S11000.iliopsoas-pelvis_tilt.KP 	0.011169524	0.011196744	3.2214271e-05	
S11000.iliopsoas-pelvis_tilt.KV 	0.15158662	0.15155175	6.7339078e-05	
S11000.iliopsoas-hamstrings.KL  	-7.9731513	-7.9720555	0.0029733632	
S11000.iliopsoas-hamstrings.L0  	1.1463588	1.1463402	2.6909858e-05	
S11000.hamstrings.KF            	0.57046187	0.57050924	3.5621101e-05	
S11000.glut_max.KF              	0.60896619	0.60912148	0.00011804684	
