pelvis_tilt.offset              	0.027418596	0.027411956	8.7127499e-06	
hip_flexion_r.offset            	0.076597904	0.076600556	9.7484262e-06	
knee_angle_r.offset             	-0.013463827	-0.013457216	1.5652777e-05	
ankle_angle_r.offset            	-0.038303904	-0.038311306	2.1272843e-05	
hip_flexion_l.offset            	0.019600506	0.019574105	2.9948904e-05	
knee_angle_l.offset             	0.061477588	0.061475914	1.4748953e-05	
ankle_angle_l.offset            	0.18679694	0.18679648	1.174155e-05	
stance_load_threshold           	0.14654324	0.14654582	1.4496747e-05	
S00111.tib_ant.KL               	1.2042253	1.2039575	0.00023992393	
S00111.tib_ant.L0               	0.74847208	0.74845828	2.4613671e-05	
S00111.tib_ant.KS               	0.00016829947	0.00016653304	6.2518537e-07	
S11000.tib_ant.KL               	1.2374718	1.2373885	0.00015258402	
S11000.tib_ant.L0               	0.71997614	0.71998227	2.4120534e-05	
S11000.tib_ant.KS               	0.035350343	0.035349265	1.2309228e-05	
S11111.tib_ant-soleus.KF        	-0.11540479	-0.11539967	2.1901551e-05	
S00111.soleus-tib_ant.KS        	-0.84832407	-0.84833511	0.00018183896	
S00111.gastroc-tib_ant.KS       	-0.32914283	-0.32928444	8.3839674e-05	
S11000.soleus-tib_ant.KS        	-3.1993835	-3.1990427	0.00035307297	
S11000.gastroc-tib_ant.KS       	-1.7513374	-1.7514852	0.0002658359	
S00111.tib_ant-soleus.KS        	-0.0033558585	-0.0033794523	1.9436007e-05	
S00111.tib_ant-gastroc.KS       	-0.0036784888	-0.0036932114	2.1426206e-05	
S11000.tib_ant-soleus.KS        	-0.0033503377	-0.0033232128	1.9599652e-05	
S11000.tib_ant-gastroc.KS       	-0.0035213616	-0.0035086754	1.9971734e-05	
S00111.soleus.KL                	4.1266033	4.1263059	0.00021575878	
S00111.soleus.L0                	0.96925318	0.96924144	3.8450373e-05	
S00111.soleus.KF                	0.22337473	0.22335326	2.2285241e-05	
S00111.soleus.KS                	0.15063445	0.15055893	9.9947715e-05	
S00111.gastroc.KL               	0.077024609	0.076929338	0.00012220695	
S00111.gastroc.L0               	0.81767806	0.81754954	0.00010546328	
S00111.gastroc.KF               	1.4116696	1.4116427	1.2953188e-05	
S00111.gastroc.KS               	0.17629414	0.17636053	4.1333761e-05	
S11000.soleus.KL                	0.83453055	0.83413214	0.00041039318	
S11000.soleus.L0                	0.89687557	0.89701274	9.9576635e-05	
S11000.soleus.KF                	-0.94415621	-0.9439606	0.00038912083	
S11000.soleus.KS                	0.10437351	0.10464495	0.00017350202	
S11000.gastroc.KL               	0.0088581656	0.0088794165	2.6730908e-05	
S11000.gastroc.L0               	0.53652398	0.53663818	0.00010162325	
S11000.gastroc.KF               	-1.870387	-1.8700519	0.00029899353	
S11000.gastroc.KS               	0.26459021	0.26454859	0.00015804977	
S00011.vasti.KF                 	0.81090521	0.81089035	4.8109218e-05	
S00011.vasti.C0                 	0.079963083	0.079959007	5.8265695e-06	
S00011.vasti-knee_angle.pos_max 	-0.29053675	-0.2905481	2.2121054e-05	
S00011.hamstrings-pelvis_tilt.KP	0.67137142	0.67143092	0.00011429103	
S00011.hamstrings-pelvis_tilt.KV	0.57017229	0.57015062	1.3487449e-05	
S00011.hamstrings-pelvis_tilt.C0	0.027029007	0.027011133	1.9857066e-05	
S00011.glut_max-pelvis_tilt.KP  	1.4200735	1.420074	0.00015798623	
S00011.glut_max-pelvis_tilt.KV  	0.31095593	0.3109611	1.2748828e-05	
S00011.glut_max-pelvis_tilt.C0  	0.16104665	0.16105534	2.3345648e-05	
S00011.iliopsoas-pelvis_tilt.KP 	-3.3187509	-3.3190027	0.00021260075	
S00011.iliopsoas-pelvis_tilt.KV 	-0.54955043	-0.54950228	1.6531264e-05	
S00011.iliopsoas-pelvis_tilt.C0 	0.34528326	0.34527477	2.5166619e-05	
S00100.iliopsoas.C0             	0.34223645	0.34221969	1.7402172e-05	
S00100.glut_max.C0              	-0.024737666	-0.02475479	1.2871454e-05	
S11000.iliopsoas.KL             	0.55739298	0.55740742	1.5437873e-05	
S11000.iliopsoas.L0             	0.39617756	0.39618378	1.5385366e-05	
S11000.iliopsoas-pelvis_tilt.P0 	-0.045938026	-0.045927143	1.263924e-05	
S11000.iliopsoas-pelvis_tilt.KP 	0.011602797	0.011636384	2.3399936e-05	
S11000.iliopsoas-pelvis_tilt.KV 	0.14671221	0.14671222	1.5429014e-05	
S11000.iliopsoas-hamstrings.KL  	-8.2011184	-8.2009609	0.00056051792	
S11000.iliopsoas-hamstrings.L0  	1.1645856	1.164571	1.0556437e-05	
S11000.hamstrings.KF            	0.58074916	0.58073704	1.4252629e-05	
S11000.glut_max.KF              	0.61945901	0.61947715	1.5103802e-05	
