pelvis_tilt.offset              	0.031395607	0.031379917	1.1333718e-05	
hip_flexion_r.offset            	0.11049925	0.11050279	1.8925888e-05	
knee_angle_r.offset             	-0.0068829221	-0.006946347	2.8937483e-05	
ankle_angle_r.offset            	0.054771736	0.054688772	5.6708149e-05	
hip_flexion_l.offset            	0.0076115318	0.0076269332	6.0133106e-05	
knee_angle_l.offset             	0.053683224	0.053658145	2.6686642e-05	
ankle_angle_l.offset            	0.18189936	0.18186406	2.4987139e-05	
stance_load_threshold           	0.14506076	0.14510026	2.943926e-05	
S00111.tib_ant.KL               	1.2702611	1.2707474	0.00048577559	
S00111.tib_ant.L0               	0.73204524	0.73206716	3.2175818e-05	
S00111.tib_ant.KS               	0.00016956568	0.00016927612	2.8223755e-07	
S11000.tib_ant.KL               	1.2369979	1.2371664	0.00030768948	
S11000.tib_ant.L0               	0.71281577	0.71284045	4.4119822e-05	
S11000.tib_ant.KS               	0.035617885	0.035597082	2.2152209e-05	
S11111.tib_ant-soleus.KF        	-0.11204778	-0.11209477	3.8591342e-05	
S00111.soleus-tib_ant.KS        	-0.8736227	-0.87374284	0.00021503973	
S00111.gastroc-tib_ant.KS       	-0.34077031	-0.34071681	8.0107939e-05	
S11000.soleus-tib_ant.KS        	-3.4148402	-3.414116	0.00069097672	
S11000.gastroc-tib_ant.KS       	-1.7495238	-1.7490814	0.00053004388	
S00111.tib_ant-soleus.KS        	-0.003209025	-0.003214765	5.9664262e-06	
S00111.tib_ant-gastroc.KS       	-0.0038134063	-0.0038168024	6.8081258e-06	
S11000.tib_ant-soleus.KS        	-0.0031925927	-0.0031911688	6.3659584e-06	
S11000.tib_ant-gastroc.KS       	-0.0034926565	-0.0034906777	6.6727328e-06	
S00111.soleus.KL                	3.8937297	3.8937122	0.00042313762	
S00111.soleus.L0                	0.98872935	0.98875006	3.7729313e-05	
S00111.soleus.KF                	0.22909046	0.22906065	4.3704851e-05	
S00111.soleus.KS                	0.15770264	0.15783081	8.9220809e-05	
S00111.gastroc.KL               	0.079766221	0.079508245	0.00010799611	
S00111.gastroc.L0               	0.84419897	0.84418465	0.00019747487	
S00111.gastroc.KF               	1.4255653	1.4255507	3.1224293e-05	
S00111.gastroc.KS               	0.16326064	0.16327062	3.9424346e-05	
S11000.soleus.KL                	0.79210519	0.7924967	0.00054843438	
S11000.soleus.L0                	0.87511536	0.87530095	0.00021252972	
S11000.soleus.KF                	-0.88228387	-0.88200576	0.00060022813	
S11000.soleus.KS                	0.10298463	0.10302475	0.00014313469	
S11000.gastroc.KL               	0.0088330497	0.0088334584	1.4494789e-05	
S11000.gastroc.L0               	0.54049877	0.54064066	0.00017981826	
S11000.gastroc.KF               	-1.7658805	-1.7661513	0.00059642722	
S11000.gastroc.KS               	0.27593445	0.27624031	0.00020634853	
S00011.vasti.KF                 	0.8163924	0.81638221	4.6877152e-05	
S00011.vasti.C0                 	0.079936433	0.079941465	5.3641675e-06	
S00011.vasti-knee_angle.pos_max 	-0.32063409	-0.32057406	2.875656e-05	
S00011.hamstrings-pelvis_tilt.KP	0.6715095	0.67155751	0.00013981678	
S00011.hamstrings-pelvis_tilt.KV	0.59176855	0.59179867	2.8212739e-05	
S00011.hamstrings-pelvis_tilt.C0	0.025182132	0.025189143	1.9452131e-05	
S00011.glut_max-pelvis_tilt.KP  	1.4235987	1.4237287	0.00026646459	
S00011.glut_max-pelvis_tilt.KV  	0.31710319	0.31707769	2.4843239e-05	
S00011.glut_max-pelvis_tilt.C0  	0.15171254	0.15170688	2.6934059e-05	
S00011.iliopsoas-pelvis_tilt.KP 	-3.3333475	-3.3338803	0.000294439	
S00011.iliopsoas-pelvis_tilt.KV 	-0.5629365	-0.56289816	3.9515518e-05	
S00011.iliopsoas-pelvis_tilt.C0 	0.34459678	0.34453916	4.539278e-05	
S00100.iliopsoas.C0             	0.32833213	0.32833903	3.2456335e-05	
S00100.glut_max.C0              	-0.025003304	-0.024978348	1.8060456e-05	
S11000.iliopsoas.KL             	0.58397475	0.58398376	3.4367841e-05	
S11000.iliopsoas.L0             	0.38174774	0.38170074	2.7510376e-05	
S11000.iliopsoas-pelvis_tilt.P0 	-0.043850786	-0.043886015	1.9493286e-05	
S11000.iliopsoas-pelvis_tilt.KP 	0.011782852	0.011768472	1.722832e-05	
S11000.iliopsoas-pelvis_tilt.KV 	0.15143604	0.15140934	3.0275543e-05	
S11000.iliopsoas-hamstrings.KL  	-7.9311307	-7.9298935	0.0011298504	
S11000.iliopsoas-hamstrings.L0  	1.1491738	1.1491678	1.631003e-05	
S11000.hamstrings.KF            	0.56790565	0.56795229	2.1357326e-05	
S11000.glut_max.KF              	0.60818406	0.6081994	3.8729099e-05	
