pelvis_tilt.offset              	0.036004271	0.03599596	1.8371278e-05	
hip_flexion_r.offset            	0.12014735	0.12013494	3.0158506e-05	
knee_angle_r.offset             	-0.00035722772	-0.00039631705	4.1171406e-05	
ankle_angle_r.offset            	0.068973244	0.068983097	8.9841364e-05	
hip_flexion_l.offset            	0.0048571641	0.0048293665	9.6972153e-05	
knee_angle_l.offset             	0.05527579	0.055263765	4.5355056e-05	
ankle_angle_l.offset            	0.18256486	0.18260726	4.7008671e-05	
stance_load_threshold           	0.14508206	0.14500579	4.3558207e-05	
S00111.tib_ant.KL               	1.2652777	1.265448	0.00085456022	
S00111.tib_ant.L0               	0.72770896	0.7277975	4.7852764e-05	
S00111.tib_ant.KS               	0.00016709343	0.00016690213	3.8192407e-07	
S11000.tib_ant.KL               	1.242702	1.2432698	0.00050411024	
S11000.tib_ant.L0               	0.70251481	0.70251499	6.9833145e-05	
S11000.tib_ant.KS               	0.035642882	0.035624868	3.4607591e-05	
S11111.tib_ant-soleus.KF        	-0.10879371	-0.10868162	6.5450189e-05	
S00111.soleus-tib_ant.KS        	-0.88541113	-0.88514811	0.00032566261	
S00111.gastroc-tib_ant.KS       	-0.32382069	-0.32384782	0.00011132936	
S11000.soleus-tib_ant.KS        	-3.3188731	-3.3187364	0.0011094082	
S11000.gastroc-tib_ant.KS       	-1.6439869	-1.6425928	0.00091566261	
S00111.tib_ant-soleus.KS        	-0.003296103	-0.0032821909	8.0704796e-06	
S00111.tib_ant-gastroc.KS       	-0.0037932154	-0.0037984549	8.9945618e-06	
S11000.tib_ant-soleus.KS        	-0.0031949234	-0.0031937776	8.7895348e-06	
S11000.tib_ant-gastroc.KS       	-0.0034165917	-0.003420514	9.1347078e-06	
S00111.soleus.KL                	3.8981865	3.898599	0.00073974554	
S00111.soleus.L0                	0.99645875	0.99643524	5.5475393e-05	
S00111.soleus.KF                	0.2220363	0.22202022	7.4395329e-05	
S00111.soleus.KS                	0.15183861	0.15202564	0.00014066174	
S00111.gastroc.KL               	0.080094465	0.080268304	0.0001470457	
S00111.gastroc.L0               	0.79915738	0.79919948	0.00031085256	
S00111.gastroc.KF               	1.4297876	1.4297705	4.9215106e-05	
S00111.gastroc.KS               	0.16325546	0.16331417	5.7160299e-05	
S11000.soleus.KL                	0.77531346	0.7745965	0.00083511607	
S11000.soleus.L0                	0.87652903	0.87596341	0.0003490885	
S11000.soleus.KF                	-0.94554665	-0.94535562	0.00097977136	
S11000.soleus.KS                	0.11090674	0.11055721	0.00021274791	
S11000.gastroc.KL               	0.0091035912	0.0091036007	1.8783076e-05	
S11000.gastroc.L0               	0.53559912	0.53510666	0.00030347211	
S11000.gastroc.KF               	-1.7357636	-1.7360863	0.00093387596	
S11000.gastroc.KS               	0.27733646	0.27730143	0.0003046457	
S00011.vasti.KF                 	0.81332638	0.8132924	6.980709e-05	
S00011.vasti.C0                 	0.081228107	0.081237505	8.589026e-06	
S00011.vasti-knee_angle.pos_max 	-0.3205725	-0.32054989	3.5856295e-05	
S00011.hamstrings-pelvis_tilt.KP	0.67883326	0.67883552	0.0002491292	
S00011.hamstrings-pelvis_tilt.KV	0.58969526	0.58975572	4.478261e-05	
S00011.hamstrings-pelvis_tilt.C0	0.025587335	0.025673709	2.9226383e-05	
S00011.glut_max-pelvis_tilt.KP  	1.4318122	1.4317831	0.00041293779	
S00011.glut_max-pelvis_tilt.KV  	0.31667328	0.31667736	4.0417252e-05	
S00011.glut_max-pelvis_tilt.C0  	0.15206441	0.15211261	3.9194168e-05	
S00011.iliopsoas-pelvis_tilt.KP 	-3.3256585	-3.3244481	0.00045488817	
S00011.iliopsoas-pelvis_tilt.KV 	-0.5673583	-0.5673462	6.5935238e-05	
S00011.iliopsoas-pelvis_tilt.C0 	0.34814804	0.3481974	5.8035975e-05	
S00100.iliopsoas.C0             	0.32468004	0.32475844	5.6604329e-05	
S00100.glut_max.C0              	-0.023691445	-0.023657331	2.8011952e-05	
S11000.iliopsoas.KL             	0.58819589	0.58820591	5.6478647e-05	
S11000.iliopsoas.L0             	0.38084244	0.38088189	4.2726603e-05	
S11000.iliopsoas-pelvis_tilt.P0 	-0.04323261	-0.043200655	2.9299476e-05	
S11000.iliopsoas-pelvis_tilt.KP 	0.011245268	0.011241937	2.4332287e-05	
S11000.iliopsoas-pelvis_tilt.KV 	0.15127742	0.15124493	4.960698e-05	
S11000.iliopsoas-hamstrings.KL  	-7.935299	-7.9335139	0.0017178423	
S11000.iliopsoas-hamstrings.L0  	1.1474328	1.1474363	2.2078843e-05	
S11000.hamstrings.KF            	0.57082501	0.57084544	3.0547823e-05	
S11000.glut_max.KF              	0.6081524	0.60816986	6.678334e-05	
