pelvis_tilt.offset              	0.039812162	0.039806695	1.3776669e-05	
hip_flexion_r.offset            	0.1265641	0.12657458	2.3569455e-05	
knee_angle_r.offset             	-0.0010561632	-0.0010490173	3.0851222e-05	
ankle_angle_r.offset            	0.09429649	0.094243079	7.3849651e-05	
hip_flexion_l.offset            	0.0021997353	0.0022562825	6.8390501e-05	
knee_angle_l.offset             	0.048574329	0.048545116	4.2364972e-05	
ankle_angle_l.offset            	0.18365498	0.18365639	4.3939255e-05	
stance_load_threshold           	0.14484959	0.14487205	3.7486967e-05	
S00111.tib_ant.KL               	1.2608513	1.2598782	0.00076989601	
S00111.tib_ant.L0               	0.72767809	0.72769818	3.5161298e-05	
S00111.tib_ant.KS               	0.00016557893	0.0001656874	3.1643032e-07	
S11000.tib_ant.KL               	1.2153031	1.2157457	0.00052586936	
S11000.tib_ant.L0               	0.70462694	0.70455231	5.2236102e-05	
S11000.tib_ant.KS               	0.035181837	0.035207812	3.5859113e-05	
S11111.tib_ant-soleus.KF        	-0.10874149	-0.10870934	7.1808786e-05	
S00111.soleus-tib_ant.KS        	-0.87243969	-0.8722858	0.00029444592	
S00111.gastroc-tib_ant.KS       	-0.32423826	-0.32430483	6.7358601e-05	
S11000.soleus-tib_ant.KS        	-3.2896253	-3.2900088	0.0011995121	
S11000.gastroc-tib_ant.KS       	-1.6411569	-1.6423333	0.00088449055	
S00111.tib_ant-soleus.KS        	-0.0033261847	-0.0033228001	5.4428894e-06	
S00111.tib_ant-gastroc.KS       	-0.003707246	-0.0037078159	5.4828925e-06	
S11000.tib_ant-soleus.KS        	-0.0032779632	-0.0032781294	5.9172667e-06	
S11000.tib_ant-gastroc.KS       	-0.0035465407	-0.0035476503	6.2252404e-06	
S00111.soleus.KL                	4.0051943	4.0054079	0.00091650289	
S00111.soleus.L0                	1.0038618	1.0038476	4.9212144e-05	
S00111.soleus.KF                	0.2234509	0.22342514	7.8142251e-05	
S00111.soleus.KS                	0.15336838	0.15331918	0.00011392736	
S00111.gastroc.KL               	0.082457457	0.082365997	0.0001144005	
S00111.gastroc.L0               	0.83144772	0.83154242	0.00031620211	
S00111.gastroc.KF               	1.4298526	1.4298389	5.0442931e-05	
S00111.gastroc.KS               	0.16868193	0.16871825	4.0216327e-05	
S11000.soleus.KL                	0.78387736	0.78419873	0.00076420246	
S11000.soleus.L0                	0.88314484	0.88319806	0.00036031935	
S11000.soleus.KF                	-0.94548497	-0.94595644	0.00093144144	
S11000.soleus.KS                	0.10724026	0.10711417	0.00017128922	
S11000.gastroc.KL               	0.0088364751	0.0088152434	1.3797488e-05	
S11000.gastroc.L0               	0.52848293	0.5282377	0.00031501736	
S11000.gastroc.KF               	-1.8163573	-1.8156982	0.00091399424	
S11000.gastroc.KS               	0.26654997	0.26695971	0.0002738505	
S00011.vasti.KF                 	0.8065264	0.80655795	5.5162009e-05	
S00011.vasti.C0                 	0.081046072	0.081052111	7.3567994e-06	
S00011.vasti-knee_angle.pos_max 	-0.32034012	-0.32032465	2.5665269e-05	
S00011.hamstrings-pelvis_tilt.KP	0.67292885	0.67269418	0.00019995997	
S00011.hamstrings-pelvis_tilt.KV	0.59009787	0.59008104	4.275758e-05	
S00011.hamstrings-pelvis_tilt.C0	0.025344129	0.02534625	2.2299843e-05	
S00011.glut_max-pelvis_tilt.KP  	1.43151	1.4317534	0.00030481905	
S00011.glut_max-pelvis_tilt.KV  	0.3178199	0.31792056	4.4572595e-05	
S00011.glut_max-pelvis_tilt.C0  	0.15179112	0.15182739	3.475724e-05	
S00011.iliopsoas-pelvis_tilt.KP 	-3.3313059	-3.3311696	0.00038522141	
S00011.iliopsoas-pelvis_tilt.KV 	-0.56464792	-0.5645901	5.6631809e-05	
S00011.iliopsoas-pelvis_tilt.C0 	0.34821904	0.34816087	3.8341028e-05	
S00100.iliopsoas.C0             	0.32845888	0.32844988	5.5037272e-05	
S00100.glut_max.C0              	-0.023699948	-0.023680148	2.6278388e-05	
S11000.iliopsoas.KL             	0.58701437	0.58704077	4.1362005e-05	
S11000.iliopsoas.L0             	0.37504524	0.37507585	3.7874979e-05	
S11000.iliopsoas-pelvis_tilt.P0 	-0.043575343	-0.043500922	3.289296e-05	
S11000.iliopsoas-pelvis_tilt.KP 	0.011453912	0.011479118	1.7994176e-05	
S11000.iliopsoas-pelvis_tilt.KV 	0.14886085	0.14893377	3.7845474e-05	
S11000.iliopsoas-hamstrings.KL  	-7.8738987	-7.8748128	0.0018732069	
S11000.iliopsoas-hamstrings.L0  	1.1456928	1.1457	1.4206555e-05	
S11000.hamstrings.KF            	0.56928004	0.56929348	1.9533077e-05	
S11000.glut_max.KF              	0.60530413	0.60540512	6.7075276e-05	
