pelvis_tilt.offset              	0.038432353	0.038413528	1.9324934e-05	
hip_flexion_r.offset            	0.12269406	0.12275097	3.0008434e-05	
knee_angle_r.offset             	-0.0016342273	-0.0015577887	4.0613631e-05	
ankle_angle_r.offset            	0.084536205	0.084324141	9.2850674e-05	
hip_flexion_l.offset            	-0.0042169832	-0.0042620097	9.9437381e-05	
knee_angle_l.offset             	0.052289055	0.052206177	5.4391635e-05	
ankle_angle_l.offset            	0.18179476	0.18176823	5.9091071e-05	
stance_load_threshold           	0.14607877	0.14610666	5.0527505e-05	
S00111.tib_ant.KL               	1.3066851	1.3073059	0.00097400172	
S00111.tib_ant.L0               	0.72932427	0.72932916	4.8866086e-05	
S00111.tib_ant.KS               	0.00015813587	0.00015860095	4.4214368e-07	
S11000.tib_ant.KL               	1.2096399	1.209846	0.00059732324	
S11000.tib_ant.L0               	0.70444454	0.70448089	7.1249374e-05	
S11000.tib_ant.KS               	0.036533811	0.036534217	4.197783e-05	
S11111.tib_ant-soleus.KF        	-0.10993002	-0.11003693	9.2435668e-05	
S00111.soleus-tib_ant.KS        	-0.86489666	-0.86511185	0.00039259056	
S00111.gastroc-tib_ant.KS       	-0.32640191	-0.32645258	9.7764125e-05	
S11000.soleus-tib_ant.KS        	-3.2337755	-3.2325063	0.0014911405	
S11000.gastroc-tib_ant.KS       	-1.613347	-1.6122865	0.001102306	
S00111.tib_ant-soleus.KS        	-0.0032322882	-0.0032358855	8.1339943e-06	
S00111.tib_ant-gastroc.KS       	-0.0038140411	-0.0038050262	9.0738022e-06	
S11000.tib_ant-soleus.KS        	-0.0032132859	-0.0032260395	7.92664e-06	
S11000.tib_ant-gastroc.KS       	-0.0034879835	-0.0034748645	9.1424752e-06	
S00111.soleus.KL                	4.0323305	4.0330349	0.0010570871	
S00111.soleus.L0                	1.0021111	1.002269	6.2481417e-05	
S00111.soleus.KF                	0.22135016	0.22145109	0.00010165877	
S00111.soleus.KS                	0.15160523	0.1515804	0.0001632106	
S00111.gastroc.KL               	0.078749965	0.078688278	0.000140116	
S00111.gastroc.L0               	0.82643898	0.8271902	0.00040217286	
S00111.gastroc.KF               	1.4234574	1.4235161	6.8297133e-05	
S00111.gastroc.KS               	0.16371729	0.1636705	5.4388767e-05	
S11000.soleus.KL                	0.81206324	0.81064395	0.0010958897	
S11000.soleus.L0                	0.91154816	0.91107948	0.00042197986	
S11000.soleus.KF                	-0.88078659	-0.87899452	0.0012074392	
S11000.soleus.KS                	0.1085715	0.10829884	0.00025679678	
S11000.gastroc.KL               	0.0090203339	0.0089978777	2.0941865e-05	
S11000.gastroc.L0               	0.51689979	0.5174147	0.00038620063	
S11000.gastroc.KF               	-1.8077285	-1.808377	0.0011078303	
S11000.gastroc.KS               	0.25984218	0.2596082	0.00036791153	
S00011.vasti.KF                 	0.81051757	0.81051019	7.3947537e-05	
S00011.vasti.C0                 	0.081286551	0.081285793	9.1255891e-06	
S00011.vasti-knee_angle.pos_max 	-0.31989633	-0.31990215	3.634739e-05	
S00011.hamstrings-pelvis_tilt.KP	0.67544574	0.6755074	0.00026887426	
S00011.hamstrings-pelvis_tilt.KV	0.59244544	0.59237856	5.6163036e-05	
S00011.hamstrings-pelvis_tilt.C0	0.025300265	0.025296969	3.0224458e-05	
S00011.glut_max-pelvis_tilt.KP  	1.4210391	1.4210279	0.00042370206	
S00011.glut_max-pelvis_tilt.KV  	0.31330902	0.31326959	5.3952968e-05	
S00011.glut_max-pelvis_tilt.C0  	0.15185274	0.1519709	4.623817e-05	
S00011.iliopsoas-pelvis_tilt.KP 	-3.3277547	-3.3279751	0.00049764151	
S00011.iliopsoas-pelvis_tilt.KV 	-0.56543243	-0.56544037	7.6218937e-05	
S00011.iliopsoas-pelvis_tilt.C0 	0.34771285	0.34774885	5.8281618e-05	
S00100.iliopsoas.C0             	0.324735	0.32469972	6.5374639e-05	
S00100.glut_max.C0              	-0.024473466	-0.024511931	3.6849791e-05	
S11000.iliopsoas.KL             	0.58778785	0.5878186	5.6910347e-05	
S11000.iliopsoas.L0             	0.37668096	0.37669142	4.8774081e-05	
S11000.iliopsoas-pelvis_tilt.P0 	-0.045885168	-0.045836308	3.9000429e-05	
S11000.iliopsoas-pelvis_tilt.KP 	0.01185591	0.01185193	2.4506393e-05	
S11000.iliopsoas-pelvis_tilt.KV 	0.15149246	0.15152141	5.2055716e-05	
S11000.iliopsoas-hamstrings.KL  	-7.9588166	-7.9609175	0.0021603192	
S11000.iliopsoas-hamstrings.L0  	1.1463802	1.1463725	2.1863049e-05	
S11000.hamstrings.KF            	0.5699486	0.56993307	2.8409333e-05	
S11000.glut_max.KF              	0.60936949	0.60936828	9.2056952e-05	
