pelvis_tilt.offset              	0.030981121	0.030998563	1.5410163e-05	
hip_flexion_r.offset            	0.10325045	0.10324044	2.4476225e-05	
knee_angle_r.offset             	-0.0058023602	-0.0058301843	3.7979039e-05	
ankle_angle_r.offset            	0.023508608	0.023521519	6.9937716e-05	
hip_flexion_l.offset            	0.003366516	0.0032314831	8.0743519e-05	
knee_angle_l.offset             	0.056844768	0.056859885	3.4429794e-05	
ankle_angle_l.offset            	0.18425839	0.18423148	2.9247475e-05	
stance_load_threshold           	0.14477814	0.14481799	3.5447064e-05	
S00111.tib_ant.KL               	1.2385643	1.2380052	0.00065014403	
S00111.tib_ant.L0               	0.72691022	0.72685973	4.1312473e-05	
S00111.tib_ant.KS               	0.00016978819	0.00016927473	4.2149721e-07	
S11000.tib_ant.KL               	1.2196792	1.2192919	0.00037044164	
S11000.tib_ant.L0               	0.7093165	0.7093153	5.7549135e-05	
S11000.tib_ant.KS               	0.037094704	0.037079954	2.9050932e-05	
S11111.tib_ant-soleus.KF        	-0.10863114	-0.10853334	4.7233104e-05	
S00111.soleus-tib_ant.KS        	-0.8801724	-0.88000537	0.00028174853	
S00111.gastroc-tib_ant.KS       	-0.34756768	-0.34753386	0.00011101859	
S11000.soleus-tib_ant.KS        	-3.2336715	-3.2331938	0.0008274781	
S11000.gastroc-tib_ant.KS       	-1.6579774	-1.6574373	0.00066351523	
S00111.tib_ant-soleus.KS        	-0.0032580039	-0.0032578543	8.8370494e-06	
S00111.tib_ant-gastroc.KS       	-0.003711224	-0.0037071203	1.0272991e-05	
S11000.tib_ant-soleus.KS        	-0.0033454492	-0.0033375237	1.0044252e-05	
S11000.tib_ant-gastroc.KS       	-0.0035226933	-0.0035191462	9.9414615e-06	
S00111.soleus.KL                	3.9516375	3.9520393	0.0005428541	
S00111.soleus.L0                	0.97983569	0.97994005	5.1292664e-05	
S00111.soleus.KF                	0.22225439	0.22226028	5.6254548e-05	
S00111.soleus.KS                	0.1642457	0.16430937	0.00012624794	
S00111.gastroc.KL               	0.079358182	0.079174381	0.00015540243	
S00111.gastroc.L0               	0.87445218	0.8744109	0.00024926216	
S00111.gastroc.KF               	1.4259661	1.4260048	3.7811139e-05	
S00111.gastroc.KS               	0.16153821	0.16155971	5.6324644e-05	
S11000.soleus.KL                	0.79419051	0.79380892	0.00067948444	
S11000.soleus.L0                	0.89828075	0.89814889	0.00026172538	
S11000.soleus.KF                	-0.89725099	-0.89763064	0.0007482421	
S11000.soleus.KS                	0.1094284	0.10982396	0.00021158732	
S11000.gastroc.KL               	0.0085281384	0.0085678566	2.1593477e-05	
S11000.gastroc.L0               	0.5334951	0.53331143	0.00022229915	
S11000.gastroc.KF               	-1.7901243	-1.7919211	0.00078041359	
S11000.gastroc.KS               	0.27489834	0.27549523	0.0002669353	
S00011.vasti.KF                 	0.80732194	0.80737737	6.5956854e-05	
S00011.vasti.C0                 	0.080169898	0.080173613	8.0439048e-06	
S00011.vasti-knee_angle.pos_max 	-0.31983957	-0.31988598	4.2682067e-05	
S00011.hamstrings-pelvis_tilt.KP	0.67178216	0.67160255	0.00019354305	
S00011.hamstrings-pelvis_tilt.KV	0.58731005	0.58738497	3.5085069e-05	
S00011.hamstrings-pelvis_tilt.C0	0.025408505	0.02541952	2.9070275e-05	
S00011.glut_max-pelvis_tilt.KP  	1.4264292	1.4263038	0.00032383295	
S00011.glut_max-pelvis_tilt.KV  	0.3119094	0.31192921	2.9949671e-05	
S00011.glut_max-pelvis_tilt.C0  	0.15187868	0.15189352	4.046964e-05	
S00011.iliopsoas-pelvis_tilt.KP 	-3.3633911	-3.3635039	0.00038400624	
S00011.iliopsoas-pelvis_tilt.KV 	-0.56297503	-0.56299244	4.9701587e-05	
S00011.iliopsoas-pelvis_tilt.C0 	0.34330875	0.34328746	5.6855207e-05	
S00100.iliopsoas.C0             	0.32772304	0.32771195	3.9989286e-05	
S00100.glut_max.C0              	-0.023910851	-0.02391128	2.3958064e-05	
S11000.iliopsoas.KL             	0.58387706	0.58386774	3.9731105e-05	
S11000.iliopsoas.L0             	0.37804966	0.37805763	3.6603207e-05	
S11000.iliopsoas-pelvis_tilt.P0 	-0.042549123	-0.042616172	2.5570264e-05	
S11000.iliopsoas-pelvis_tilt.KP 	0.011161645	0.011183253	2.5458561e-05	
S11000.iliopsoas-pelvis_tilt.KV 	0.15035839	0.15032657	3.8207341e-05	
S11000.iliopsoas-hamstrings.KL  	-8.0389048	-8.0394613	0.0013554967	
S11000.iliopsoas-hamstrings.L0  	1.1485109	1.1485062	2.2414789e-05	
S11000.hamstrings.KF            	0.56197424	0.56198619	2.8693918e-05	
S11000.glut_max.KF              	0.60669306	0.60660002	4.4514102e-05	
