pelvis_tilt.offset              	0.038822397	0.03879214	3.7244016e-05	
hip_flexion_r.offset            	0.1259268	0.1259847	5.6928959e-05	
knee_angle_r.offset             	-0.0013200482	-0.0012694857	8.6317303e-05	
ankle_angle_r.offset            	0.095878199	0.095861793	0.00019417424	
hip_flexion_l.offset            	-0.0019090254	-0.0018820229	0.00019368826	
knee_angle_l.offset             	0.047431943	0.047549264	0.00011601269	
ankle_angle_l.offset            	0.1788391	0.17906689	0.00012312686	
stance_load_threshold           	0.14963002	0.14964395	0.00010730865	
S00111.tib_ant.KL               	1.2638944	1.2651916	0.0019879996	
S00111.tib_ant.L0               	0.72720447	0.7271291	9.669394e-05	
S00111.tib_ant.KS               	0.00016911912	0.00016851444	7.9594737e-07	
S11000.tib_ant.KL               	1.2280202	1.2293725	0.0013659253	
S11000.tib_ant.L0               	0.70232203	0.70220588	0.00013463934	
S11000.tib_ant.KS               	0.034904177	0.034888657	8.9261045e-05	
S11111.tib_ant-soleus.KF        	-0.11034611	-0.11027385	0.00019201011	
S00111.soleus-tib_ant.KS        	-0.87296329	-0.8735225	0.00082633619	
S00111.gastroc-tib_ant.KS       	-0.32442881	-0.32451016	0.00017953471	
S11000.soleus-tib_ant.KS        	-3.2073427	-3.2093907	0.003393542	
S11000.gastroc-tib_ant.KS       	-1.6806641	-1.6783068	0.002275585	
S00111.tib_ant-soleus.KS        	-0.0032866974	-0.0032724207	1.4171249e-05	
S00111.tib_ant-gastroc.KS       	-0.0036563283	-0.0036864486	1.4566921e-05	
S11000.tib_ant-soleus.KS        	-0.0031837179	-0.0031839934	1.5195367e-05	
S11000.tib_ant-gastroc.KS       	-0.0034684194	-0.0034578154	1.7029893e-05	
S00111.soleus.KL                	3.993177	3.9888556	0.0023373151	
S00111.soleus.L0                	1.0034458	1.0033309	0.00012365891	
S00111.soleus.KF                	0.2251683	0.22544785	0.00021601793	
S00111.soleus.KS                	0.16198843	0.16246439	0.00030569019	
S00111.gastroc.KL               	0.080515618	0.080358052	0.00031061029	
S00111.gastroc.L0               	0.84436573	0.8439435	0.00082837893	
S00111.gastroc.KF               	1.4241952	1.4240334	0.00014348259	
S00111.gastroc.KS               	0.16122467	0.161105	0.00010607158	
S11000.soleus.KL                	0.82665837	0.82646956	0.0021061731	
S11000.soleus.L0                	0.90813584	0.9077684	0.00087985167	
S11000.soleus.KF                	-0.93263309	-0.93669236	0.0024074961	
S11000.soleus.KS                	0.11128436	0.11104383	0.00045762267	
S11000.gastroc.KL               	0.0091294794	0.0090671237	3.6402201e-05	
S11000.gastroc.L0               	0.53925606	0.53906471	0.00082043528	
S11000.gastroc.KF               	-1.8124443	-1.8116538	0.0025598209	
S11000.gastroc.KS               	0.2760519	0.27621469	0.00075072262	
S00011.vasti.KF                 	0.80935741	0.80961583	0.00013466995	
S00011.vasti.C0                 	0.08109091	0.081077732	1.9249884e-05	
S00011.vasti-knee_angle.pos_max 	-0.32032183	-0.32024334	6.9458051e-05	
S00011.hamstrings-pelvis_tilt.KP	0.67408714	0.67328862	0.00055036381	
S00011.hamstrings-pelvis_tilt.KV	0.59075756	0.59079286	0.00011693658	
S00011.hamstrings-pelvis_tilt.C0	0.025421945	0.025365481	6.1164941e-05	
S00011.glut_max-pelvis_tilt.KP  	1.4221493	1.4218129	0.00072524662	
S00011.glut_max-pelvis_tilt.KV  	0.31605691	0.31625948	0.00010932597	
S00011.glut_max-pelvis_tilt.C0  	0.15202242	0.15194437	8.5800687e-05	
S00011.iliopsoas-pelvis_tilt.KP 	-3.3277942	-3.3272881	0.00097158491	
S00011.iliopsoas-pelvis_tilt.KV 	-0.56943281	-0.56925442	0.00014925334	
S00011.iliopsoas-pelvis_tilt.C0 	0.34732595	0.34724679	0.00010540806	
S00100.iliopsoas.C0             	0.32563285	0.32570769	0.00014554577	
S00100.glut_max.C0              	-0.023985707	-0.024016517	7.5771205e-05	
S11000.iliopsoas.KL             	0.58795224	0.58795751	0.00011558934	
S11000.iliopsoas.L0             	0.37159531	0.37150213	9.5543918e-05	
S11000.iliopsoas-pelvis_tilt.P0 	-0.043453086	-0.043467129	8.7261422e-05	
S11000.iliopsoas-pelvis_tilt.KP 	0.011391319	0.011377222	4.8747515e-05	
S11000.iliopsoas-pelvis_tilt.KV 	0.15057202	0.15044045	0.00010603798	
S11000.iliopsoas-hamstrings.KL  	-7.8624743	-7.8531999	0.0045375297	
S11000.iliopsoas-hamstrings.L0  	1.1448602	1.1447898	3.8560221e-05	
S11000.hamstrings.KF            	0.56888179	0.56887717	5.4752847e-05	
S11000.glut_max.KF              	0.60606365	0.60620301	0.00018200083	
