pelvis_tilt.offset              	0.031396021	0.031291714	4.2522145e-05	
hip_flexion_r.offset            	0.10125278	0.10105544	7.0849743e-05	
knee_angle_r.offset             	-0.0065065019	-0.0066875921	0.00010559143	
ankle_angle_r.offset            	0.017286603	0.017563311	0.0001893209	
hip_flexion_l.offset            	0.0046130023	0.0046133656	0.00021728877	
knee_angle_l.offset             	0.056769427	0.056913085	9.4133549e-05	
ankle_angle_l.offset            	0.18372822	0.18372639	7.6410809e-05	
stance_load_threshold           	0.1457769	0.14587161	9.5066907e-05	
S00111.tib_ant.KL               	1.2372443	1.2382182	0.0017017508	
S00111.tib_ant.L0               	0.72760833	0.72746575	0.00012127488	
S00111.tib_ant.KS               	0.00016624682	0.00016725835	1.3856015e-06	
S11000.tib_ant.KL               	1.1931036	1.1923074	0.00089694674	
S11000.tib_ant.L0               	0.71193702	0.71157568	0.0001616198	
S11000.tib_ant.KS               	0.035952144	0.035976236	7.5275484e-05	
S11111.tib_ant-soleus.KF        	-0.10788159	-0.10782998	0.00012922713	
S00111.soleus-tib_ant.KS        	-0.86770527	-0.86558321	0.00081258361	
S00111.gastroc-tib_ant.KS       	-0.34414081	-0.3440164	0.00033834111	
S11000.soleus-tib_ant.KS        	-3.2298676	-3.2295657	0.0021773294	
S11000.gastroc-tib_ant.KS       	-1.6510613	-1.6494706	0.0016785294	
S00111.tib_ant-soleus.KS        	-0.0033209285	-0.0032945243	2.9983665e-05	
S00111.tib_ant-gastroc.KS       	-0.0038050027	-0.0037369085	3.4115804e-05	
S11000.tib_ant-soleus.KS        	-0.0032570421	-0.0032297193	3.1269283e-05	
S11000.tib_ant-gastroc.KS       	-0.0035789379	-0.0035832295	3.4668126e-05	
S00111.soleus.KL                	3.9494962	3.9492925	0.0013994152	
S00111.soleus.L0                	0.98089047	0.98079738	0.00016024916	
S00111.soleus.KF                	0.22340135	0.22316089	0.00015222046	
S00111.soleus.KS                	0.15605713	0.15615673	0.00040455323	
S00111.gastroc.KL               	0.080920947	0.080330866	0.00043372101	
S00111.gastroc.L0               	0.87137597	0.87063826	0.0006819966	
S00111.gastroc.KF               	1.4249757	1.4251522	9.7158302e-05	
S00111.gastroc.KS               	0.16150347	0.16137403	0.00017956288	
S11000.soleus.KL                	0.77855648	0.77576408	0.0019601234	
S11000.soleus.L0                	0.88898195	0.88986535	0.00065926518	
S11000.soleus.KF                	-0.91547589	-0.91389956	0.0020627228	
S11000.soleus.KS                	0.11020369	0.11129517	0.00062512973	
S11000.gastroc.KL               	0.0085304642	0.0085822793	7.0723884e-05	
S11000.gastroc.L0               	0.52915547	0.52865455	0.00058849896	
S11000.gastroc.KF               	-1.818773	-1.8190972	0.0019954025	
S11000.gastroc.KS               	0.2611826	0.2615746	0.00074856889	
S00011.vasti.KF                 	0.80709719	0.8069198	0.00020815793	
S00011.vasti.C0                 	0.080167942	0.080135206	2.3450958e-05	
S00011.vasti-knee_angle.pos_max 	-0.31978997	-0.31994548	0.00011602554	
S00011.hamstrings-pelvis_tilt.KP	0.67254138	0.67235966	0.00055020568	
S00011.hamstrings-pelvis_tilt.KV	0.58692005	0.58691255	9.4604976e-05	
S00011.hamstrings-pelvis_tilt.C0	0.025487531	0.02547659	8.2512317e-05	
S00011.glut_max-pelvis_tilt.KP  	1.4224955	1.421775	0.00085693875	
S00011.glut_max-pelvis_tilt.KV  	0.31072096	0.31081923	7.8073985e-05	
S00011.glut_max-pelvis_tilt.C0  	0.15213344	0.15199305	0.00013142831	
S00011.iliopsoas-pelvis_tilt.KP 	-3.367217	-3.3694031	0.00095949721	
S00011.iliopsoas-pelvis_tilt.KV 	-0.56782908	-0.56777951	0.00013096487	
S00011.iliopsoas-pelvis_tilt.C0 	0.34115078	0.34115179	0.00016072586	
S00100.iliopsoas.C0             	0.33069177	0.33088586	0.00010919086	
S00100.glut_max.C0              	-0.024498949	-0.024521275	6.3727246e-05	
S11000.iliopsoas.KL             	0.58168135	0.5815578	0.00010749038	
S11000.iliopsoas.L0             	0.37833309	0.3782193	0.00010156511	
S11000.iliopsoas-pelvis_tilt.P0 	-0.045331009	-0.045265872	6.1911161e-05	
S11000.iliopsoas-pelvis_tilt.KP 	0.011271032	0.011342337	7.4626338e-05	
S11000.iliopsoas-pelvis_tilt.KV 	0.14797222	0.14787119	0.00010348375	
S11000.iliopsoas-hamstrings.KL  	-8.0753013	-8.0841409	0.0036387613	
S11000.iliopsoas-hamstrings.L0  	1.1458679	1.1457651	6.3558745e-05	
S11000.hamstrings.KF            	0.56327523	0.56335069	8.3833809e-05	
S11000.glut_max.KF              	0.60763595	0.60763619	0.00010940953	
