pelvis_tilt.offset              	0.024830398	0.024813697	1.1362128e-05	
hip_flexion_r.offset            	0.071940704	0.071939724	9.9676888e-06	
knee_angle_r.offset             	-0.0087525318	-0.0087623197	1.7187913e-05	
ankle_angle_r.offset            	-0.050729109	-0.050723377	1.6950373e-05	
hip_flexion_l.offset            	0.010388581	0.01038503	2.7896955e-05	
knee_angle_l.offset             	0.064466316	0.06443372	1.7475678e-05	
ankle_angle_l.offset            	0.19023114	0.19021617	1.4729972e-05	
stance_load_threshold           	0.15012557	0.15015447	1.6256504e-05	
S00111.tib_ant.KL               	1.189439	1.1889247	0.00029687484	
S00111.tib_ant.L0               	0.75993684	0.75996073	2.94376e-05	
S00111.tib_ant.KS               	0.00015964982	0.00015977603	1.1958076e-06	
S11000.tib_ant.KL               	1.2443615	1.2442017	0.00016399505	
S11000.tib_ant.L0               	0.72164912	0.72165619	2.9575941e-05	
S11000.tib_ant.KS               	0.035316037	0.035310502	1.5346432e-05	
S11111.tib_ant-soleus.KF        	-0.11105066	-0.11102286	2.6852226e-05	
S00111.soleus-tib_ant.KS        	-0.89179999	-0.89223323	0.00024503498	
S00111.gastroc-tib_ant.KS       	-0.32452635	-0.32451659	0.0001298801	
S11000.soleus-tib_ant.KS        	-3.2456978	-3.2457554	0.00038951017	
S11000.gastroc-tib_ant.KS       	-1.7540219	-1.7542554	0.00031983979	
S00111.tib_ant-soleus.KS        	-0.0033680667	-0.0033253103	4.8246225e-05	
S00111.tib_ant-gastroc.KS       	-0.0037917374	-0.0038004229	5.1082506e-05	
S11000.tib_ant-soleus.KS        	-0.003390245	-0.0033555575	4.7575506e-05	
S11000.tib_ant-gastroc.KS       	-0.0034225583	-0.0034645962	4.8666396e-05	
S00111.soleus.KL                	4.0723046	4.0721362	0.00026545323	
S00111.soleus.L0                	0.96139278	0.96137543	5.2599023e-05	
S00111.soleus.KF                	0.2323916	0.23239184	2.5274947e-05	
S00111.soleus.KS                	0.14972083	0.14981903	0.00013787614	
S00111.gastroc.KL               	0.0815497	0.081269214	0.00018010155	
S00111.gastroc.L0               	0.80534837	0.80512035	0.00012370858	
S00111.gastroc.KF               	1.4087163	1.4087088	1.5690261e-05	
S00111.gastroc.KS               	0.17718402	0.17716283	6.5454046e-05	
S11000.soleus.KL                	0.82717872	0.8266036	0.00055100226	
S11000.soleus.L0                	0.89951589	0.89963175	0.00012199985	
S11000.soleus.KF                	-0.92518194	-0.92494909	0.00050808822	
S11000.soleus.KS                	0.10651576	0.10593261	0.0002554735	
S11000.gastroc.KL               	0.0088343968	0.0087290067	4.7565418e-05	
S11000.gastroc.L0               	0.51663768	0.5167304	0.00012589722	
S11000.gastroc.KF               	-1.8067786	-1.8070625	0.0003361488	
S11000.gastroc.KS               	0.27426741	0.27421451	0.00021558484	
S00011.vasti.KF                 	0.82718295	0.82717319	6.3924813e-05	
S00011.vasti.C0                 	0.079953125	0.079958985	1.0448025e-05	
S00011.vasti-knee_angle.pos_max 	-0.29249454	-0.29257176	2.7215204e-05	
S00011.hamstrings-pelvis_tilt.KP	0.67264351	0.67250356	0.00018026914	
S00011.hamstrings-pelvis_tilt.KV	0.5664832	0.56646755	1.5454084e-05	
S00011.hamstrings-pelvis_tilt.C0	0.026472973	0.026432642	2.621094e-05	
S00011.glut_max-pelvis_tilt.KP  	1.4408289	1.4408473	0.00021275152	
S00011.glut_max-pelvis_tilt.KV  	0.30946632	0.30944963	1.3312526e-05	
S00011.glut_max-pelvis_tilt.C0  	0.15880453	0.15879513	2.6052821e-05	
S00011.iliopsoas-pelvis_tilt.KP 	-3.3724473	-3.3720599	0.00031850407	
S00011.iliopsoas-pelvis_tilt.KV 	-0.54611225	-0.54612355	1.8299143e-05	
S00011.iliopsoas-pelvis_tilt.C0 	0.3478858	0.34788335	3.3994639e-05	
S00100.iliopsoas.C0             	0.34089826	0.34088641	2.0829277e-05	
S00100.glut_max.C0              	-0.024495361	-0.024487999	1.5440172e-05	
S11000.iliopsoas.KL             	0.55565954	0.55564859	1.7983555e-05	
S11000.iliopsoas.L0             	0.39693636	0.39694879	1.9408753e-05	
S11000.iliopsoas-pelvis_tilt.P0 	-0.04446168	-0.044462342	1.5548167e-05	
S11000.iliopsoas-pelvis_tilt.KP 	0.011503814	0.011534869	3.9332013e-05	
S11000.iliopsoas-pelvis_tilt.KV 	0.14406111	0.14404624	1.9156608e-05	
S11000.iliopsoas-hamstrings.KL  	-8.2787449	-8.2790168	0.00067249536	
S11000.iliopsoas-hamstrings.L0  	1.1673193	1.1673157	1.2787457e-05	
S11000.hamstrings.KF            	0.5779297	0.57793361	1.5027825e-05	
S11000.glut_max.KF              	0.61929436	0.61929596	1.8213966e-05	
