pelvis_tilt.offset              	0.037689081	0.037679159	3.7120836e-05	
hip_flexion_r.offset            	0.12170869	0.12159463	5.5181371e-05	
knee_angle_r.offset             	-0.001964889	-0.0019695378	7.9333555e-05	
ankle_angle_r.offset            	0.08060562	0.080281323	0.00018741217	
hip_flexion_l.offset            	0.0040832645	0.0039995194	0.00019553605	
knee_angle_l.offset             	0.05618707	0.056292342	9.89259e-05	
ankle_angle_l.offset            	0.18367277	0.18379128	0.00011191874	
stance_load_threshold           	0.14536206	0.14533823	9.8113496e-05	
S00111.tib_ant.KL               	1.2375815	1.2348319	0.0019588561	
S00111.tib_ant.L0               	0.72845147	0.7282766	9.7200403e-05	
S00111.tib_ant.KS               	0.00016408428	0.00016490086	8.816982e-07	
S11000.tib_ant.KL               	1.2085681	1.2091867	0.0011673482	
S11000.tib_ant.L0               	0.70214759	0.70216941	0.00014758737	
S11000.tib_ant.KS               	0.035907328	0.036069126	7.7000059e-05	
S11111.tib_ant-soleus.KF        	-0.11417664	-0.1143183	0.00015970753	
S00111.soleus-tib_ant.KS        	-0.8835284	-0.88338973	0.00072525929	
S00111.gastroc-tib_ant.KS       	-0.32324016	-0.3233809	0.00019812051	
S11000.soleus-tib_ant.KS        	-3.3274839	-3.3299696	0.0027363034	
S11000.gastroc-tib_ant.KS       	-1.6130111	-1.6102246	0.0020700156	
S00111.tib_ant-soleus.KS        	-0.0032108667	-0.003220519	1.6926929e-05	
S00111.tib_ant-gastroc.KS       	-0.0037109388	-0.0037258626	1.9289368e-05	
S11000.tib_ant-soleus.KS        	-0.0032246604	-0.0032228226	1.7319266e-05	
S11000.tib_ant-gastroc.KS       	-0.0033690438	-0.0033565705	1.9923457e-05	
S00111.soleus.KL                	3.9828351	3.9858863	0.0019876694	
S00111.soleus.L0                	1.0003849	1.0001398	0.00012602145	
S00111.soleus.KF                	0.22590155	0.2258533	0.00019419883	
S00111.soleus.KS                	0.1532478	0.1533002	0.00032974129	
S00111.gastroc.KL               	0.081729374	0.081672888	0.00029486586	
S00111.gastroc.L0               	0.81794808	0.81834885	0.00076154474	
S00111.gastroc.KF               	1.4287148	1.4288449	0.00012587847	
S00111.gastroc.KS               	0.16106383	0.16100957	0.00011019148	
S11000.soleus.KL                	0.80859439	0.80945171	0.0020438332	
S11000.soleus.L0                	0.89814654	0.89784264	0.00080502015	
S11000.soleus.KF                	-0.90627577	-0.90865812	0.002340377	
S11000.soleus.KS                	0.10852625	0.10825635	0.0005270964	
S11000.gastroc.KL               	0.0086664311	0.0086724555	4.1566254e-05	
S11000.gastroc.L0               	0.50276224	0.50279452	0.00078068411	
S11000.gastroc.KF               	-1.7509145	-1.7510157	0.0020908668	
S11000.gastroc.KS               	0.2663502	0.26563996	0.00073768547	
S00011.vasti.KF                 	0.81081326	0.81087554	0.00015010175	
S00011.vasti.C0                 	0.081281028	0.081272689	1.8645277e-05	
S00011.vasti-knee_angle.pos_max 	-0.32066476	-0.32054107	7.4533171e-05	
S00011.hamstrings-pelvis_tilt.KP	0.67156175	0.67176656	0.00049845582	
S00011.hamstrings-pelvis_tilt.KV	0.5914578	0.59146966	0.00010497992	
S00011.hamstrings-pelvis_tilt.C0	0.025546949	0.025373164	6.1141656e-05	
S00011.glut_max-pelvis_tilt.KP  	1.4276747	1.4265038	0.00088521827	
S00011.glut_max-pelvis_tilt.KV  	0.31617213	0.3162267	9.9133671e-05	
S00011.glut_max-pelvis_tilt.C0  	0.15192723	0.15188553	8.3644364e-05	
S00011.iliopsoas-pelvis_tilt.KP 	-3.337744	-3.3376915	0.0010039053	
S00011.iliopsoas-pelvis_tilt.KV 	-0.56597288	-0.56592879	0.00014597339	
S00011.iliopsoas-pelvis_tilt.C0 	0.34819101	0.34796324	0.00011542634	
S00100.iliopsoas.C0             	0.32619819	0.32617516	0.00012706066	
S00100.glut_max.C0              	-0.023906214	-0.023935221	7.2280601e-05	
S11000.iliopsoas.KL             	0.58834353	0.58851623	0.00011205213	
S11000.iliopsoas.L0             	0.37733849	0.37747291	9.4208668e-05	
S11000.iliopsoas-pelvis_tilt.P0 	-0.042322491	-0.042357507	7.5071791e-05	
S11000.iliopsoas-pelvis_tilt.KP 	0.011529564	0.011481716	5.2297185e-05	
S11000.iliopsoas-pelvis_tilt.KV 	0.15203287	0.15210362	9.6967509e-05	
S11000.iliopsoas-hamstrings.KL  	-7.9249802	-7.9195849	0.0041196175	
S11000.iliopsoas-hamstrings.L0  	1.1475983	1.1476124	4.1648193e-05	
S11000.hamstrings.KF            	0.56941777	0.5695039	5.8451736e-05	
S11000.glut_max.KF              	0.60767292	0.60753617	0.00017051149	
