pelvis_tilt.offset              	0.02716972	0.027160352	6.2239337e-06	
hip_flexion_r.offset            	0.086070521	0.086058385	9.7769537e-06	
knee_angle_r.offset             	-0.012327033	-0.012352182	1.4586262e-05	
ankle_angle_r.offset            	-0.03217834	-0.032146145	2.2526764e-05	
hip_flexion_l.offset            	0.015000254	0.01496229	2.8630275e-05	
knee_angle_l.offset             	0.059704592	0.059714009	1.3263208e-05	
ankle_angle_l.offset            	0.18841856	0.18841287	1.0344157e-05	
stance_load_threshold           	0.1468182	0.14681164	1.3010689e-05	
S00111.tib_ant.KL               	1.2699402	1.2697331	0.00024800158	
S00111.tib_ant.L0               	0.74141537	0.74141046	1.8482708e-05	
S00111.tib_ant.KS               	0.00016204043	0.00016191273	3.0450826e-07	
S11000.tib_ant.KL               	1.253228	1.2533013	0.0001219063	
S11000.tib_ant.L0               	0.72245953	0.72246377	2.2418882e-05	
S11000.tib_ant.KS               	0.03506517	0.035056221	1.1943154e-05	
S11111.tib_ant-soleus.KF        	-0.11563045	-0.11562644	1.8653239e-05	
S00111.soleus-tib_ant.KS        	-0.85302871	-0.85299427	0.00012665511	
S00111.gastroc-tib_ant.KS       	-0.32596793	-0.32605333	5.5637051e-05	
S11000.soleus-tib_ant.KS        	-3.1265308	-3.1265315	0.00031487169	
S11000.gastroc-tib_ant.KS       	-1.6960114	-1.6953881	0.00024390438	
S00111.tib_ant-soleus.KS        	-0.0033173702	-0.0033124176	6.6607085e-06	
S00111.tib_ant-gastroc.KS       	-0.0038144987	-0.0038178064	7.718929e-06	
S11000.tib_ant-soleus.KS        	-0.0033289766	-0.003335809	7.0744501e-06	
S11000.tib_ant-gastroc.KS       	-0.0035058777	-0.0035136466	7.496712e-06	
S00111.soleus.KL                	4.1150227	4.1149423	0.0002059085	
S00111.soleus.L0                	0.97083131	0.97083411	2.4347079e-05	
S00111.soleus.KF                	0.22402803	0.22402985	2.1796117e-05	
S00111.soleus.KS                	0.15351603	0.1534623	7.0758894e-05	
S00111.gastroc.KL               	0.082048151	0.082129939	8.4711918e-05	
S00111.gastroc.L0               	0.85944813	0.85925912	9.822925e-05	
S00111.gastroc.KF               	1.4157351	1.4157574	1.3053321e-05	
S00111.gastroc.KS               	0.17315124	0.17317489	3.0054229e-05	
S11000.soleus.KL                	0.80603651	0.8064526	0.0003241854	
S11000.soleus.L0                	0.89342866	0.89340921	9.3966508e-05	
S11000.soleus.KF                	-0.88301837	-0.88268393	0.00034129089	
S11000.soleus.KS                	0.11224744	0.11198291	0.00012288514	
S11000.gastroc.KL               	0.0091205251	0.0091264441	1.5015349e-05	
S11000.gastroc.L0               	0.52929231	0.52919619	8.5374713e-05	
S11000.gastroc.KF               	-1.8370813	-1.8373103	0.0002769931	
S11000.gastroc.KS               	0.27018867	0.27008887	0.00012905567	
S00011.vasti.KF                 	0.80811629	0.80818404	3.1397789e-05	
S00011.vasti.C0                 	0.079982446	0.079982689	3.6948978e-06	
S00011.vasti-knee_angle.pos_max 	-0.29230156	-0.29229409	1.7711144e-05	
S00011.hamstrings-pelvis_tilt.KP	0.67204057	0.67204634	8.4736457e-05	
S00011.hamstrings-pelvis_tilt.KV	0.57513724	0.57513247	1.2760366e-05	
S00011.hamstrings-pelvis_tilt.C0	0.025964342	0.025958923	1.5050624e-05	
S00011.glut_max-pelvis_tilt.KP  	1.4256768	1.4259002	0.00014199667	
S00011.glut_max-pelvis_tilt.KV  	0.31191321	0.3119241	1.0583451e-05	
S00011.glut_max-pelvis_tilt.C0  	0.15217288	0.1521888	1.9843127e-05	
S00011.iliopsoas-pelvis_tilt.KP 	-3.3199869	-3.3199118	0.00013407912	
S00011.iliopsoas-pelvis_tilt.KV 	-0.55864351	-0.55864215	1.718543e-05	
S00011.iliopsoas-pelvis_tilt.C0 	0.34247042	0.34242884	2.3670578e-05	
S00100.iliopsoas.C0             	0.34468907	0.34468722	1.4793768e-05	
S00100.glut_max.C0              	-0.024084383	-0.024072521	1.0529757e-05	
S11000.iliopsoas.KL             	0.55843175	0.55843044	1.4273713e-05	
S11000.iliopsoas.L0             	0.39659002	0.39657821	1.3756093e-05	
S11000.iliopsoas-pelvis_tilt.P0 	-0.043385351	-0.043381711	9.9128701e-06	
S11000.iliopsoas-pelvis_tilt.KP 	0.01111556	0.011122	1.5493427e-05	
S11000.iliopsoas-pelvis_tilt.KV 	0.15142643	0.15142761	1.4854933e-05	
S11000.iliopsoas-hamstrings.KL  	-8.2044749	-8.204545	0.00049162838	
S11000.iliopsoas-hamstrings.L0  	1.1631745	1.1631702	9.1100602e-06	
S11000.hamstrings.KF            	0.57522817	0.57524477	1.210657e-05	
S11000.glut_max.KF              	0.61952773	0.61954945	1.4230155e-05	
