pelvis_tilt.offset              	0.027121043	0.02713108	5.0894362e-06	
hip_flexion_r.offset            	0.077430526	0.077430442	6.1113704e-06	
knee_angle_r.offset             	-0.013799247	-0.013791727	1.0344991e-05	
ankle_angle_r.offset            	-0.03645715	-0.036431269	1.3708155e-05	
hip_flexion_l.offset            	0.021740304	0.021730276	2.0835582e-05	
knee_angle_l.offset             	0.061918408	0.061911347	9.3111584e-06	
ankle_angle_l.offset            	0.18614145	0.18612703	8.6444254e-06	
stance_load_threshold           	0.14678023	0.14680534	9.5887104e-06	
S00111.tib_ant.KL               	1.2155523	1.2154219	0.00017641051	
S00111.tib_ant.L0               	0.74841185	0.74840081	1.4611181e-05	
S00111.tib_ant.KS               	0.00015859794	0.00015841785	3.3622166e-07	
S11000.tib_ant.KL               	1.2440681	1.2439834	9.4343881e-05	
S11000.tib_ant.L0               	0.72195571	0.72193305	1.7182707e-05	
S11000.tib_ant.KS               	0.035106826	0.035107642	8.537623e-06	
S11111.tib_ant-soleus.KF        	-0.11451247	-0.11452724	1.4115206e-05	
S00111.soleus-tib_ant.KS        	-0.84847469	-0.84850144	0.0001019377	
S00111.gastroc-tib_ant.KS       	-0.32751987	-0.32755714	4.5058547e-05	
S11000.soleus-tib_ant.KS        	-3.1898932	-3.190144	0.0002341099	
S11000.gastroc-tib_ant.KS       	-1.7453789	-1.7450807	0.00018133345	
S00111.tib_ant-soleus.KS        	-0.0032225629	-0.0032152768	8.3840872e-06	
S00111.tib_ant-gastroc.KS       	-0.0036012852	-0.0036021503	1.0145192e-05	
S11000.tib_ant-soleus.KS        	-0.0032442293	-0.0032397502	9.1161281e-06	
S11000.tib_ant-gastroc.KS       	-0.0035444525	-0.0035528185	8.9590036e-06	
S00111.soleus.KL                	4.1343449	4.1342103	0.00015342839	
S00111.soleus.L0                	0.9691082	0.96913466	2.1273784e-05	
S00111.soleus.KF                	0.226329	0.22631326	1.593185e-05	
S00111.soleus.KS                	0.14990253	0.14983477	5.7958503e-05	
S00111.gastroc.KL               	0.079021485	0.079102896	7.5311567e-05	
S00111.gastroc.L0               	0.82286567	0.82282767	6.3891049e-05	
S00111.gastroc.KF               	1.4123462	1.4123519	9.3428556e-06	
S00111.gastroc.KS               	0.17635129	0.17638485	2.2206187e-05	
S11000.soleus.KL                	0.82091051	0.82129377	0.00025394665	
S11000.soleus.L0                	0.90477104	0.90479281	6.5978949e-05	
S11000.soleus.KF                	-0.91436689	-0.9142389	0.00026543157	
S11000.soleus.KS                	0.10872736	0.10870819	0.00011157309	
S11000.gastroc.KL               	0.0092016722	0.0091920699	1.6322312e-05	
S11000.gastroc.L0               	0.54284701	0.54295143	6.4643903e-05	
S11000.gastroc.KF               	-1.8581927	-1.8582322	0.00019970821	
S11000.gastroc.KS               	0.27551149	0.27565355	0.00010281668	
S00011.vasti.KF                 	0.81111939	0.81108865	2.6606191e-05	
S00011.vasti.C0                 	0.07996175	0.079962121	3.4597914e-06	
S00011.vasti-knee_angle.pos_max 	-0.29050496	-0.29049934	1.3675584e-05	
S00011.hamstrings-pelvis_tilt.KP	0.67272679	0.6727445	6.8453537e-05	
S00011.hamstrings-pelvis_tilt.KV	0.57017819	0.57017439	8.7600773e-06	
S00011.hamstrings-pelvis_tilt.C0	0.026416375	0.026423431	1.3032301e-05	
S00011.glut_max-pelvis_tilt.KP  	1.4223804	1.4222581	0.00010164427	
S00011.glut_max-pelvis_tilt.KV  	0.31070793	0.31071309	7.9187656e-06	
S00011.glut_max-pelvis_tilt.C0  	0.16002489	0.16003532	1.413429e-05	
S00011.iliopsoas-pelvis_tilt.KP 	-3.3213004	-3.3212275	0.00011516478	
S00011.iliopsoas-pelvis_tilt.KV 	-0.54947652	-0.5494709	1.0893311e-05	
S00011.iliopsoas-pelvis_tilt.C0 	0.34693268	0.34695553	1.6299769e-05	
S00100.iliopsoas.C0             	0.34073984	0.34074609	1.1837244e-05	
S00100.glut_max.C0              	-0.02534201	-0.025343873	7.9488291e-06	
S11000.iliopsoas.KL             	0.55807085	0.55807145	1.0089758e-05	
S11000.iliopsoas.L0             	0.39571196	0.3957206	1.0438018e-05	
S11000.iliopsoas-pelvis_tilt.P0 	-0.046173767	-0.046183668	7.9753478e-06	
S11000.iliopsoas-pelvis_tilt.KP 	0.011562083	0.011561546	1.594931e-05	
S11000.iliopsoas-pelvis_tilt.KV 	0.14713473	0.14712904	1.0407234e-05	
S11000.iliopsoas-hamstrings.KL  	-8.2010839	-8.2011813	0.0003698008	
S11000.iliopsoas-hamstrings.L0  	1.1650293	1.1650263	6.4558072e-06	
S11000.hamstrings.KF            	0.58109351	0.58110252	9.1658886e-06	
S11000.glut_max.KF              	0.6193086	0.61929775	9.7119277e-06	
