pelvis_tilt.offset              	0.025902467	0.026783189	0.00042118179	
hip_flexion_r.offset            	0.087444924	0.086849657	0.00066156778	
knee_angle_r.offset             	-0.012300727	-0.011939765	0.00098880756	
ankle_angle_r.offset            	-0.035299087	-0.035459999	0.0015250944	
hip_flexion_l.offset            	0.020166309	0.017997928	0.0019329706	
knee_angle_l.offset             	0.061079762	0.060461831	0.00089957563	
ankle_angle_l.offset            	0.18915974	0.18921566	0.00069730542	
stance_load_threshold           	0.14559882	0.14534967	0.00087471896	
S00111.tib_ant.KL               	1.280146	1.2754806	0.01672862	
S00111.tib_ant.L0               	0.73968408	0.74044574	0.0012428556	
S00111.tib_ant.KS               	0.000173	0.0001650265	1.985149e-05	
S11000.tib_ant.KL               	1.2448161	1.2395039	0.0082058299	
S11000.tib_ant.L0               	0.72162147	0.72300168	0.0015161016	
S11000.tib_ant.KS               	0.035439309	0.035036537	0.00079861231	
S11111.tib_ant-soleus.KF        	-0.11251324	-0.11095201	0.0012750752	
S00111.soleus-tib_ant.KS        	-0.8619926	-0.84984175	0.0085517752	
S00111.gastroc-tib_ant.KS       	-0.32406893	-0.32638609	0.0036910468	
S11000.soleus-tib_ant.KS        	-3.1302056	-3.1271604	0.021082634	
S11000.gastroc-tib_ant.KS       	-1.6509327	-1.6541026	0.016463979	
S00111.tib_ant-soleus.KS        	-0.00346517	-0.0032675452	0.00043390097	
S00111.tib_ant-gastroc.KS       	-0.00357534	-0.0037661986	0.00050284704	
S11000.tib_ant-soleus.KS        	-0.0034666	-0.0033669811	0.00046068039	
S11000.tib_ant-gastroc.KS       	-0.00331551	-0.003546734	0.00048801454	
S00111.soleus.KL                	4.1101176	4.1183969	0.013883286	
S00111.soleus.L0                	0.9756729	0.97405605	0.0016309324	
S00111.soleus.KF                	0.2265562	0.22543428	0.0014701484	
S00111.soleus.KS                	0.15737288	0.16244789	0.0047100656	
S00111.gastroc.KL               	0.08315732	0.079471346	0.0055588946	
S00111.gastroc.L0               	0.8690961	0.86121242	0.0066758996	
S00111.gastroc.KF               	1.4171499	1.4160107	0.00088505357	
S00111.gastroc.KS               	0.17444295	0.17617841	0.0020061897	
S11000.soleus.KL                	0.83493343	0.80785027	0.021709073	
S11000.soleus.L0                	0.90381462	0.90121986	0.0063597607	
S11000.soleus.KF                	-0.88420115	-0.92645753	0.022897089	
S11000.soleus.KS                	0.10931189	0.10751838	0.0080606909	
S11000.gastroc.KL               	0.0089567189	0.0086199902	0.00097934589	
S11000.gastroc.L0               	0.53146394	0.5338837	0.0057611843	
S11000.gastroc.KF               	-1.7933231	-1.8015905	0.018735563	
S11000.gastroc.KS               	0.26349945	0.26329648	0.0085845202	
S00011.vasti.KF                 	0.81293285	0.81333347	0.0021241907	
S00011.vasti.C0                 	0.080304584	0.08057	0.0002482243	
S00011.vasti-knee_angle.pos_max 	-0.29201214	-0.29300402	0.0011954489	
S00011.hamstrings-pelvis_tilt.KP	0.70140207	0.6968556	0.005807338	
S00011.hamstrings-pelvis_tilt.KV	0.57418936	0.57437991	0.00086318334	
S00011.hamstrings-pelvis_tilt.C0	0.026862762	0.027210714	0.00099601339	
S00011.glut_max-pelvis_tilt.KP  	1.432236	1.4341349	0.0094390714	
S00011.glut_max-pelvis_tilt.KV  	0.31165784	0.3114992	0.00072286365	
S00011.glut_max-pelvis_tilt.C0  	0.15524711	0.15594427	0.001340713	
S00011.iliopsoas-pelvis_tilt.KP 	-3.3472585	-3.3243407	0.0089327277	
S00011.iliopsoas-pelvis_tilt.KV 	-0.56028273	-0.559968	0.001157154	
S00011.iliopsoas-pelvis_tilt.C0 	0.34019445	0.33895906	0.0016079496	
S00100.iliopsoas.C0             	0.34424525	0.34608046	0.0010036294	
S00100.glut_max.C0              	-0.025036052	-0.024094562	0.00070125578	
S11000.iliopsoas.KL             	0.55842995	0.55750788	0.0009689343	
S11000.iliopsoas.L0             	0.39953355	0.39733827	0.00092939596	
S11000.iliopsoas-pelvis_tilt.P0 	-0.042899511	-0.043222342	0.00066811668	
S11000.iliopsoas-pelvis_tilt.KP 	0.010964787	0.011450425	0.0010127282	
S11000.iliopsoas-pelvis_tilt.KV 	0.15228619	0.15098689	0.00098591227	
S11000.iliopsoas-hamstrings.KL  	-8.1917743	-8.2058028	0.033052091	
S11000.iliopsoas-hamstrings.L0  	1.1638956	1.1627626	0.00061182003	
S11000.hamstrings.KF            	0.57627562	0.57597337	0.00082026395	
S11000.glut_max.KF              	0.61825633	0.62000304	0.00096387131	
