pelvis_tilt.offset              	0.024581918	0.024548162	1.8014648e-05	
hip_flexion_r.offset            	0.071753884	0.071756246	1.4942544e-05	
knee_angle_r.offset             	-0.0079763676	-0.0079754541	2.3668238e-05	
ankle_angle_r.offset            	-0.051485962	-0.051486505	2.451675e-05	
hip_flexion_l.offset            	0.0086125227	0.0085327143	3.7729954e-05	
knee_angle_l.offset             	0.064214863	0.064277203	2.6258948e-05	
ankle_angle_l.offset            	0.18977975	0.18979	2.0339139e-05	
stance_load_threshold           	0.15103222	0.15107594	2.4200087e-05	
S00111.tib_ant.KL               	1.1921207	1.192621	0.00044154531	
S00111.tib_ant.L0               	0.76001419	0.75994576	4.4321765e-05	
S00111.tib_ant.KS               	0.00016386042	0.00016330724	2.1604907e-06	
S11000.tib_ant.KL               	1.237041	1.236744	0.00024672727	
S11000.tib_ant.L0               	0.72176384	0.7217631	4.3569848e-05	
S11000.tib_ant.KS               	0.034787285	0.03478233	2.1794842e-05	
S11111.tib_ant-soleus.KF        	-0.11147958	-0.11148165	3.9751465e-05	
S00111.soleus-tib_ant.KS        	-0.8893033	-0.88907568	0.00041425325	
S00111.gastroc-tib_ant.KS       	-0.32443854	-0.32413661	0.00022432811	
S11000.soleus-tib_ant.KS        	-3.2556153	-3.2558156	0.00058788119	
S11000.gastroc-tib_ant.KS       	-1.7593351	-1.7597071	0.00046785804	
S00111.tib_ant-soleus.KS        	-0.0033609605	-0.0033005663	0.00010998042	
S00111.tib_ant-gastroc.KS       	-0.0039083913	-0.0037880474	0.00011351028	
S11000.tib_ant-soleus.KS        	-0.0033948307	-0.0032769918	0.00010666445	
S11000.tib_ant-gastroc.KS       	-0.0034067897	-0.0034752792	0.00010845137	
S00111.soleus.KL                	4.0763871	4.0763035	0.00038778871	
S00111.soleus.L0                	0.96216261	0.96205055	8.6988493e-05	
S00111.soleus.KF                	0.23244745	0.2324959	3.8214361e-05	
S00111.soleus.KS                	0.15143068	0.15152529	0.00022114211	
S00111.gastroc.KL               	0.078468809	0.078525892	0.00027199411	
S00111.gastroc.L0               	0.80788513	0.80806083	0.0001925117	
S00111.gastroc.KF               	1.407934	1.4079583	2.2409109e-05	
S00111.gastroc.KS               	0.17717008	0.17716987	0.00010843842	
S11000.soleus.KL                	0.82230292	0.82247013	0.00081488464	
S11000.soleus.L0                	0.89747604	0.89732324	0.0001822891	
S11000.soleus.KF                	-0.9156858	-0.91523589	0.00074490104	
S11000.soleus.KS                	0.10387334	0.1040872	0.00037974586	
S11000.gastroc.KL               	0.008758626	0.0088143419	8.1160017e-05	
S11000.gastroc.L0               	0.51261883	0.51277064	0.00018509859	
S11000.gastroc.KF               	-1.8126905	-1.8124585	0.00047044011	
S11000.gastroc.KS               	0.27173114	0.27198158	0.00032568218	
S00011.vasti.KF                 	0.82732748	0.82725921	0.00010143409	
S00011.vasti.C0                 	0.079928756	0.079967505	1.8137478e-05	
S00011.vasti-knee_angle.pos_max 	-0.29342352	-0.29347171	3.8469619e-05	
S00011.hamstrings-pelvis_tilt.KP	0.67343152	0.67338759	0.00028444991	
S00011.hamstrings-pelvis_tilt.KV	0.5658905	0.56590196	2.1686328e-05	
S00011.hamstrings-pelvis_tilt.C0	0.026925814	0.026872782	4.0027364e-05	
S00011.glut_max-pelvis_tilt.KP  	1.4515223	1.451808	0.00029733114	
S00011.glut_max-pelvis_tilt.KV  	0.30916055	0.30917467	1.913554e-05	
S00011.glut_max-pelvis_tilt.C0  	0.15868788	0.15869222	3.6904523e-05	
S00011.iliopsoas-pelvis_tilt.KP 	-3.3733589	-3.3741184	0.00049313589	
S00011.iliopsoas-pelvis_tilt.KV 	-0.54589215	-0.54584868	2.7477121e-05	
S00011.iliopsoas-pelvis_tilt.C0 	0.34794058	0.34798485	5.2947836e-05	
S00100.iliopsoas.C0             	0.34060011	0.34055469	3.0525091e-05	
S00100.glut_max.C0              	-0.02536434	-0.02535703	2.2024683e-05	
S11000.iliopsoas.KL             	0.5554713	0.55546019	2.6146785e-05	
S11000.iliopsoas.L0             	0.39640627	0.39634617	2.9224814e-05	
S11000.iliopsoas-pelvis_tilt.P0 	-0.044182359	-0.044188803	2.3110961e-05	
S11000.iliopsoas-pelvis_tilt.KP 	0.011029222	0.011091825	6.0833371e-05	
S11000.iliopsoas-pelvis_tilt.KV 	0.14398335	0.14394546	2.8084027e-05	
S11000.iliopsoas-hamstrings.KL  	-8.2598633	-8.2616579	0.00099450828	
S11000.iliopsoas-hamstrings.L0  	1.1670678	1.1670817	1.9751479e-05	
S11000.hamstrings.KF            	0.5780276	0.57799857	2.2424486e-05	
S11000.glut_max.KF              	0.61883931	0.61885601	2.7419296e-05	
