pelvis_tilt.offset              	0.023271189	0.023276868	1.0363053e-05	
hip_flexion_r.offset            	0.070550836	0.070537916	9.1823738e-06	
knee_angle_r.offset             	-0.0049290788	-0.0049370305	1.4771018e-05	
ankle_angle_r.offset            	-0.053720789	-0.053727013	1.3581631e-05	
hip_flexion_l.offset            	0.0013541886	0.0013756079	2.2624675e-05	
knee_angle_l.offset             	0.060502068	0.06051775	1.573292e-05	
ankle_angle_l.offset            	0.18794115	0.18792912	1.2558746e-05	
stance_load_threshold           	0.15213322	0.15210903	1.457737e-05	
S00111.tib_ant.KL               	1.2762667	1.276673	0.00024446459	
S00111.tib_ant.L0               	0.76081073	0.76082005	2.5524003e-05	
S00111.tib_ant.KS               	0.00016556306	0.00016331024	3.2184457e-06	
S11000.tib_ant.KL               	1.1825046	1.1822551	0.00015149039	
S11000.tib_ant.L0               	0.73262833	0.73260568	2.2812982e-05	
S11000.tib_ant.KS               	0.036618291	0.036632125	1.3097719e-05	
S11111.tib_ant-soleus.KF        	-0.11294433	-0.11293617	2.3626241e-05	
S00111.soleus-tib_ant.KS        	-0.84901549	-0.84936468	0.00027325908	
S00111.gastroc-tib_ant.KS       	-0.33696441	-0.33656405	0.00021192329	
S11000.soleus-tib_ant.KS        	-3.3111044	-3.3115398	0.00033747825	
S11000.gastroc-tib_ant.KS       	-1.7088208	-1.7088067	0.00027133602	
S00111.tib_ant-soleus.KS        	-0.0033966971	-0.0032936457	0.00034657954	
S00111.tib_ant-gastroc.KS       	-0.0038386233	-0.0037382069	0.00034101854	
S11000.tib_ant-soleus.KS        	-0.0031391614	-0.0033382077	0.00033284931	
S11000.tib_ant-gastroc.KS       	-0.0033738756	-0.0034559461	0.00033240814	
S00111.soleus.KL                	4.0421535	4.0425899	0.00024044828	
S00111.soleus.L0                	0.97205578	0.97200314	5.9853759e-05	
S00111.soleus.KF                	0.22485477	0.22488736	2.2843569e-05	
S00111.soleus.KS                	0.15959965	0.15948942	0.00016542869	
S00111.gastroc.KL               	0.078821673	0.078759869	0.00021484263	
S00111.gastroc.L0               	0.84069415	0.84060846	0.00010360988	
S00111.gastroc.KF               	1.4097428	1.4097521	1.358872e-05	
S00111.gastroc.KS               	0.17569165	0.17561259	0.00010777369	
S11000.soleus.KL                	0.8240097	0.82384275	0.00049445552	
S11000.soleus.L0                	0.91364394	0.91364651	0.00010723933	
S11000.soleus.KF                	-0.88697799	-0.88677892	0.00043200488	
S11000.soleus.KS                	0.10420531	0.10450688	0.00029930137	
S11000.gastroc.KL               	0.0088925005	0.0089610348	9.6242961e-05	
S11000.gastroc.L0               	0.51757609	0.51747767	0.00011529835	
S11000.gastroc.KF               	-1.7762755	-1.7761621	0.00028142348	
S11000.gastroc.KS               	0.2534521	0.25336108	0.00022084155	
S00011.vasti.KF                 	0.83024556	0.83022822	6.7291445e-05	
S00011.vasti.C0                 	0.080272299	0.080292806	1.568813e-05	
S00011.vasti-knee_angle.pos_max 	-0.30150351	-0.30152224	2.2515201e-05	
S00011.hamstrings-pelvis_tilt.KP	0.67245085	0.67215486	0.00021480048	
S00011.hamstrings-pelvis_tilt.KV	0.5651009	0.56510716	1.2339647e-05	
S00011.hamstrings-pelvis_tilt.C0	0.025992975	0.025979895	2.5288786e-05	
S00011.glut_max-pelvis_tilt.KP  	1.4854767	1.4854109	0.000182847	
S00011.glut_max-pelvis_tilt.KV  	0.31321611	0.31322156	1.1284238e-05	
S00011.glut_max-pelvis_tilt.C0  	0.16193709	0.16193782	2.1240176e-05	
S00011.iliopsoas-pelvis_tilt.KP 	-3.4805356	-3.4804002	0.00031663619	
S00011.iliopsoas-pelvis_tilt.KV 	-0.54475156	-0.54476083	1.5471506e-05	
S00011.iliopsoas-pelvis_tilt.C0 	0.34553968	0.34559258	3.7247344e-05	
S00100.iliopsoas.C0             	0.33707786	0.33705947	1.7344262e-05	
S00100.glut_max.C0              	-0.023855787	-0.023841598	1.3305644e-05	
S11000.iliopsoas.KL             	0.56050632	0.5605132	1.4951187e-05	
S11000.iliopsoas.L0             	0.39365577	0.39364902	1.7147345e-05	
S11000.iliopsoas-pelvis_tilt.P0 	-0.04351407	-0.043507703	1.3469948e-05	
S11000.iliopsoas-pelvis_tilt.KP 	0.010980476	0.010912345	5.3964053e-05	
S11000.iliopsoas-pelvis_tilt.KV 	0.14552862	0.14552956	1.6567813e-05	
S11000.iliopsoas-hamstrings.KL  	-8.3647061	-8.364806	0.00062297621	
S11000.iliopsoas-hamstrings.L0  	1.1644611	1.1644699	1.2513674e-05	
S11000.hamstrings.KF            	0.57730887	0.57728967	1.2928191e-05	
S11000.glut_max.KF              	0.62435112	0.62435673	1.4833375e-05	
